# X	Y	time	B	Z
6.5	6.5	0.008333333333	-3.993371892	0.1807255601
6.5	6.5	0.01666666667	-4.351733882	0.1804516164
6.5	6.5	0.025	-4.690365322	0.1878659001
6.5	6.5	0.03333333333	-4.989632413	0.2142268091
6.5	6.5	0.04166666667	-5.182580932	0.239488976
6.5	6.5	0.05	-5.324339028	0.2636533898
6.5	6.5	0.05833333333	-5.4149067	0.2897403549
6.5	6.5	0.06666666667	-5.462159399	0.3081381035
6.5	6.5	0.075	-5.513349822	0.338618059
6.5	6.5	0.08333333333	-5.552727071	0.3663516538
6.5	6.5	0.09166666667	-5.552727071	0.3638812149
6.5	6.5	0.1	-5.556664796	0.3674503959
6.5	6.5	0.1083333333	-5.568477971	0.3803564121
6.5	6.5	0.1166666667	-5.58422887	0.3987541607
6.5	6.5	0.125	-5.619668394	0.41989827
6.5	6.5	0.1333333333	-5.662983368	0.4509271021
6.5	6.5	0.1416666667	-5.702360617	0.4819569231
6.5	6.5	0.15	-5.710236067	0.4965105579
6.5	6.5	0.1583333333	-5.718111516	0.5423679576
6.5	6.5	0.1666666667	-5.718111516	0.5519787365
6.5	6.5	0.175	-5.718111516	0.5517038038
6.5	6.5	0.1833333333	-5.714173791	0.5722980475
6.5	6.5	0.1916666667	-5.722049241	0.5953647082
6.5	6.5	0.2	-5.749613315	0.6228243592
6.5	6.5	0.2083333333	-5.773239665	0.6522055727
6.5	6.5	0.2166666667	-5.773239665	0.666210331
6.5	6.5	0.225	-5.773239665	0.6744474351
6.5	6.5	0.2333333333	-5.75355104	0.7010832768
6.5	6.5	0.2416666667	-5.741737866	0.7137143602
6.5	6.5	0.25	-5.741737866	0.7161857882
6.5	6.5	0.2583333333	-5.706298342	0.748588295
6.5	6.5	0.2666666667	-5.666921093	0.7763228788
6.5	6.5	0.275	-5.603917495	0.8068028343
6.5	6.5	0.2833333333	-5.536976172	0.8309672481
6.5	6.5	0.2916666667	-5.470034849	0.849090064
6.5	6.5	0.3	-5.355840827	0.8781973336
6.5	6.5	0.3083333333	-5.194394107	0.9103249077
6.5	6.5	0.3166666667	-4.946317439	0.9353131308
6.5	6.5	0.325	-4.792746169	0.9449239098
6.5	6.5	0.3333333333	-4.792746169	0.9449239098
6.5	6.5	0.3416666667	-4.706116221	0.9517883281
6.5	6.5	0.35	-4.678555372	0.9534359467
6.5	6.5	0.3583333333	-4.682489872	0.9545346887
6.5	6.5	0.3666666667	-4.686427597	0.9531620029
6.5	6.5	0.375	-4.698240772	0.9534359467
6.5	6.5	0.3833333333	-4.702178496	0.9534359467
6.5	6.5	0.3916666667	-4.682489872	0.9534359467
6.5	6.5	0.4	-4.674620872	0.9539858122
6.5	6.5	0.4083333333	-4.556489126	0.9616740398
6.5	6.5	0.4166666667	-4.517111877	0.9657930863
6.5	6.5	0.425	-4.458029879	0.9690883236
6.5	6.5	0.4333333333	-4.359602882	0.9723835608
6.5	6.5	0.4416666667	-4.324160133	0.974580056
6.5	6.5	0.45	-4.170585637	0.9855635208
6.5	6.5	0.4583333333	-4.017011142	0.9899575001
6.5	6.5	0.4666666667	-3.682320652	1.002313651
6.5	6.5	0.475	-3.323958662	1.010551744
6.5	6.5	0.4833333333	-2.997137172	1.021261265
6.5	6.5	0.4916666667	-2.363166691	1.040482823
6.5	6.5	0.5	-1.867000455	1.053111928
6.5	6.5	0.5083333333	-1.867000455	1.052567997
6.5	6.5	0.5166666667	-1.867000455	1.053111928
11.5	6.5	0.008333333333	-3.859502146	0.182099235
11.5	6.5	0.01666666667	-3.859502146	0.1823731788
11.5	6.5	0.025	-3.859502146	0.1823731788
11.5	6.5	0.03333333333	-3.863436646	0.1823731788
11.5	6.5	0.04166666667	-4.009142142	0.1812754257
11.5	6.5	0.05	-4.312356633	0.1829230443
11.5	6.5	0.05833333333	-4.316291133	0.1810004929
11.5	6.5	0.06666666667	-4.461964379	0.1842957301
11.5	6.5	0.075	-4.536784376	0.1889636532
11.5	6.5	0.08333333333	-4.800621618	0.2035172881
11.5	6.5	0.09166666667	-4.800621618	0.1999471181
11.5	6.5	0.1	-4.800621618	0.2007709274
11.5	6.5	0.1083333333	-4.800621618	0.2004969836
11.5	6.5	0.1166666667	-4.832123418	0.2084601439
11.5	6.5	0.125	-5.166830033	0.2496496205
11.5	6.5	0.1333333333	-5.320401303	0.2828749477
11.5	6.5	0.1416666667	-5.426719875	0.3136298359
11.5	6.5	0.15	-5.481848023	0.3334002704
11.5	6.5	0.1583333333	-5.513349822	0.3564669311
11.5	6.5	0.1666666667	-5.525162997	0.3734919938
11.5	6.5	0.175	-5.548789346	0.3916148097
11.5	6.5	0.1833333333	-5.580291145	0.4111113004
11.5	6.5	0.1916666667	-5.627543844	0.4317055442
11.5	6.5	0.2	-5.655107918	0.446259179
11.5	6.5	0.2083333333	-5.670858818	0.4619115559
11.5	6.5	0.2166666667	-5.690547442	0.4827807324
11.5	6.5	0.225	-5.694485167	0.5009035483
11.5	6.5	0.2333333333	-5.694485167	0.5176536783
11.5	6.5	0.2416666667	-5.694485167	0.5236952762
11.5	6.5	0.25	-5.694485167	0.52396922
11.5	6.5	0.2583333333	-5.694485167	0.5236952762
11.5	6.5	0.2666666667	-5.694485167	0.52396922
11.5	6.5	0.275	-5.694485167	0.52396922
11.5	6.5	0.2833333333	-5.694485167	0.5236952762
11.5	6.5	0.2916666667	-5.694485167	0.5236952762
11.5	6.5	0.3	-5.694485167	0.5236952762
11.5	6.5	0.3083333333	-5.690547442	0.5236952762
11.5	6.5	0.3166666667	-5.694485167	0.5234203434
11.5	6.5	0.325	-5.694485167	0.5258917714
11.5	6.5	0.3333333333	-5.698422892	0.5464860151
11.5	6.5	0.3416666667	-5.698422892	0.5629622013
11.5	6.5	0.35	-5.698422892	0.5709253617
11.5	6.5	0.3583333333	-5.702360617	0.5876754917
11.5	6.5	0.3666666667	-5.722049241	0.6082707244
11.5	6.5	0.375	-5.745675591	0.629139901
11.5	6.5	0.3833333333	-5.75355104	0.6450662216
11.5	6.5	0.3916666667	-5.75355104	0.6469877841
11.5	6.5	0.4	-5.745675591	0.6725258727
11.5	6.5	0.4083333333	-5.725986966	0.6966902865
11.5	6.5	0.4166666667	-5.702360617	0.7205797675
11.5	6.5	0.425	-5.674796543	0.7447441813
11.5	6.5	0.4333333333	-5.655107918	0.7543549602
11.5	6.5	0.4416666667	-5.627543844	0.774949204
11.5	6.5	0.45	-5.564540246	0.8015850457
11.5	6.5	0.4583333333	-5.493661198	0.8257494595
11.5	6.5	0.4666666667	-5.403093526	0.8457948267
11.5	6.5	0.475	-5.403093526	0.8463437033
11.5	6.5	0.4833333333	-5.359778552	0.8581519664
11.5	6.5	0.4916666667	-5.26133543	0.8792960757
11.5	6.5	0.5	-5.131390509	0.8990665102
11.5	6.5	0.5083333333	-4.934504265	0.9226820474
11.5	6.5	0.5166666667	-4.631309123	0.9462965956
11.5	6.5	0.525	-4.276913884	0.9641454677
11.5	6.5	0.5333333333	-3.776813149	0.9885848142
11.5	6.5	0.5416666667	-3.099530919	1.009453991
11.5	6.5	0.55	-3.075891669	1.008904125
11.5	6.5	0.5583333333	-3.079826169	1.008630181
11.5	6.5	0.5666666667	-2.630938433	1.028949493
11.5	6.5	0.575	-2.292281193	1.0358149
11.5	6.5	0.5833333333	-2.300150192	1.0358149
11.5	6.5	0.5916666667	-2.091460449	1.045704567
11.5	6.5	0.6	-1.878836205	1.054486592
11.5	6.5	0.6083333333	-1.725261709	1.059708337
11.5	6.5	0.6166666667	-1.599260963	1.063001596
11.5	6.5	0.625	-1.599260963	1.059154515
11.5	6.5	0.6333333333	-1.603195463	1.059708337
16.5	6.5	0.008333333333	-3.835862897	0.1812754257
16.5	6.5	0.01666666667	-3.843764147	0.1812754257
16.5	6.5	0.025	-3.839829647	0.1812754257
16.5	6.5	0.03333333333	-4.178454637	0.1812754257
16.5	6.5	0.04166666667	-4.521046377	0.1900623953
16.5	6.5	0.05	-4.773057544	0.2145007529
16.5	6.5	0.05833333333	-4.966006064	0.2342721763
16.5	6.5	0.06666666667	-5.107764159	0.2534937342
16.5	6.5	0.075	-5.225895906	0.2718914829
16.5	6.5	0.08333333333	-5.304650404	0.2894654222
16.5	6.5	0.09166666667	-5.375529451	0.3133549032
16.5	6.5	0.1	-5.426719875	0.3298310894
16.5	6.5	0.1083333333	-5.458221674	0.3471300959
16.5	6.5	0.1166666667	-5.501536648	0.3726681845
16.5	6.5	0.125	-5.513349822	0.385299268
16.5	6.5	0.1333333333	-5.521225272	0.3899671911
16.5	6.5	0.1416666667	-5.521225272	0.3976564076
16.5	6.5	0.15	-5.556664796	0.4108363676
16.5	6.5	0.1583333333	-5.560602521	0.4116601769
16.5	6.5	0.1666666667	-5.576353421	0.4226436418
16.5	6.5	0.175	-5.619668394	0.4432388745
16.5	6.5	0.1833333333	-5.655107918	0.460537881
16.5	6.5	0.1916666667	-5.678734268	0.4915677021
16.5	6.5	0.2	-5.682671992	0.5047476621
16.5	6.5	0.2083333333	-5.682671992	0.5116130693
16.5	6.5	0.2166666667	-5.682671992	0.5176536783
16.5	6.5	0.225	-5.690547442	0.5423679576
16.5	6.5	0.2333333333	-5.690547442	0.5668063151
16.5	6.5	0.2416666667	-5.694485167	0.602778003
16.5	6.5	0.25	-5.729924691	0.6343567006
16.5	6.5	0.2583333333	-5.741737866	0.659069991
16.5	6.5	0.2666666667	-5.725986966	0.6906486885
16.5	6.5	0.275	-5.718111516	0.6920213744
16.5	6.5	0.2833333333	-5.722049241	0.6942188585
16.5	6.5	0.2916666667	-5.718111516	0.6944928023
16.5	6.5	0.3	-5.722049241	0.6955915444
16.5	6.5	0.3083333333	-5.718111516	0.6988867816
16.5	6.5	0.3166666667	-5.710236067	0.7016321533
16.5	6.5	0.325	-5.714173791	0.6991617144
16.5	6.5	0.3333333333	-5.714173791	0.7002594675
16.5	6.5	0.3416666667	-5.714173791	0.7013582096
16.5	6.5	0.35	-5.698422892	0.7142642258
16.5	6.5	0.3583333333	-5.690547442	0.7214035768
16.5	6.5	0.3666666667	-5.674796543	0.7323870416
16.5	6.5	0.375	-5.647232468	0.7535311509
16.5	6.5	0.3833333333	-5.611792945	0.7738514509
16.5	6.5	0.3916666667	-5.58422887	0.7864825343
16.5	6.5	0.4	-5.533038447	0.8062529688
16.5	6.5	0.4083333333	-5.493661198	0.8199827943
16.5	6.5	0.4166666667	-5.42278215	0.8397542178
16.5	6.5	0.425	-5.344027652	0.8576021009
16.5	6.5	0.4333333333	-5.292837229	0.8688604984
16.5	6.5	0.4416666667	-5.202269557	0.886160494
16.5	6.5	0.45	-5.139265958	0.894398587
16.5	6.5	0.4583333333	-5.111701884	0.9023617474
16.5	6.5	0.4666666667	-5.032947387	0.9092261657
16.5	6.5	0.475	-4.985694688	0.9138940888
16.5	6.5	0.4833333333	-4.938441989	0.924329666
16.5	6.5	0.4916666667	-4.702178496	0.9408048632
16.5	6.5	0.5	-4.536784376	0.9520632608
16.5	6.5	0.5083333333	-4.39898013	0.9586537353
16.5	6.5	0.5166666667	-4.343832632	0.9646943443
16.5	6.5	0.525	-4.06819189	0.9776003605
16.5	6.5	0.5333333333	-3.7335014	0.9899575001
16.5	6.5	0.5416666667	-3.686255151	0.9929778046
16.5	6.5	0.55	-3.532680656	0.9962730418
16.5	6.5	0.5583333333	-3.509041407	0.9959981091
16.5	6.5	0.5666666667	-3.524811656	0.9979206604
16.5	6.5	0.575	-3.442090409	1.00149083
16.5	6.5	0.5833333333	-3.174350917	1.011650486
16.5	6.5	0.5916666667	-2.670315681	1.028125683
16.5	6.5	0.6	-2.347428691	1.03966198
16.5	6.5	0.6083333333	-2.122968698	1.04680232
16.5	6.5	0.6166666667	-2.126903198	1.046248499
16.5	6.5	0.625	-2.130837697	1.046248499
21.5	6.5	0.008333333333	-3.780747649	0.1826481115
21.5	6.5	0.01666666667	-3.938256644	0.1807255601
21.5	6.5	0.025	-4.162716637	0.1812754257
21.5	6.5	0.03333333333	-4.465898878	0.1886887205
21.5	6.5	0.04166666667	-4.73761802	0.2117553812
21.5	6.5	0.05	-4.989632413	0.2383912229
21.5	6.5	0.05833333333	-5.151079133	0.260908018
21.5	6.5	0.06666666667	-5.284961779	0.2861701849
21.5	6.5	0.075	-5.367654002	0.3084130363
21.5	6.5	0.08333333333	-5.4149067	0.3325764611
21.5	6.5	0.09166666667	-5.4306576	0.341089487
21.5	6.5	0.1	-5.450346224	0.3490526473
21.5	6.5	0.1083333333	-5.466097124	0.3627824728
21.5	6.5	0.1166666667	-5.489723473	0.3825529073
21.5	6.5	0.125	-5.521225272	0.4047957587
21.5	6.5	0.1333333333	-5.576353421	0.4231935073
21.5	6.5	0.1416666667	-5.572415696	0.4251150697
21.5	6.5	0.15	-5.576353421	0.4267626883
21.5	6.5	0.1583333333	-5.59997977	0.4369233328
21.5	6.5	0.1666666667	-5.631481569	0.4558699579
21.5	6.5	0.175	-5.662983368	0.4794854952
21.5	6.5	0.1833333333	-5.670858818	0.5014524248
21.5	6.5	0.1916666667	-5.666921093	0.5176536783
21.5	6.5	0.2	-5.674796543	0.5374251017
21.5	6.5	0.2083333333	-5.674796543	0.5626872686
21.5	6.5	0.2166666667	-5.678734268	0.5901469196
21.5	6.5	0.225	-5.706298342	0.6167827613
21.5	6.5	0.2333333333	-5.729924691	0.6450662216
21.5	6.5	0.2416666667	-5.722049241	0.6684068261
21.5	6.5	0.25	-5.702360617	0.6854318889
21.5	6.5	0.2583333333	-5.706298342	0.6868045747
21.5	6.5	0.2666666667	-5.706298342	0.6870795075
21.5	6.5	0.275	-5.702360617	0.6870795075
21.5	6.5	0.2833333333	-5.694485167	0.6961404209
21.5	6.5	0.2916666667	-5.674796543	0.7145381695
21.5	6.5	0.3	-5.651170193	0.7389775161
21.5	6.5	0.3083333333	-5.615730669	0.7623181206
21.5	6.5	0.3166666667	-5.580291145	0.7804409364
21.5	6.5	0.325	-5.529100722	0.8015850457
21.5	6.5	0.3333333333	-5.462159399	0.8232780316
21.5	6.5	0.3416666667	-5.399155801	0.8408519709
21.5	6.5	0.35	-5.355840827	0.8482662547
21.5	6.5	0.3583333333	-5.347965377	0.8485411874
21.5	6.5	0.3666666667	-5.347965377	0.849090064
21.5	6.5	0.375	-5.344027652	0.8488151312
21.5	6.5	0.3833333333	-5.347965377	0.8504627498
21.5	6.5	0.3916666667	-5.281024054	0.8680376781
21.5	6.5	0.4	-5.135328234	0.8927509684
21.5	6.5	0.4083333333	-4.989632413	0.9116975936
21.5	6.5	0.4166666667	-4.796683894	0.9336655122
21.5	6.5	0.425	-4.458029879	0.9564572401
21.5	6.5	0.4333333333	-4.213897386	0.9715597515
21.5	6.5	0.4416666667	-3.887075896	0.9844657677
21.5	6.5	0.45	-3.284581413	1.011101609
21.5	6.5	0.4583333333	-2.485232937	1.038831248
21.5	6.5	0.4666666667	-2.079656949	1.052567997
21.5	6.5	0.475	-1.918213454	1.052291086
21.5	6.5	0.4833333333	-1.918213454	1.051737265
21.5	6.5	0.4916666667	-1.926082453	1.052291086
26.5	6.5	0.008333333333	-3.772878649	0.1810004929
26.5	6.5	0.01666666667	-3.942191144	0.1826481115
26.5	6.5	0.025	-4.304455383	0.1831969881
26.5	6.5	0.03333333333	-4.619473374	0.2018696694
26.5	6.5	0.04166666667	-4.694303047	0.2068125253
26.5	6.5	0.05	-4.780932994	0.2169721808
26.5	6.5	0.05833333333	-4.93056654	0.2188947322
26.5	6.5	0.06666666667	-5.09201326	0.2356448622
26.5	6.5	0.075	-5.182580932	0.2507473736
26.5	6.5	0.08333333333	-5.296774954	0.2696949877
26.5	6.5	0.09166666667	-5.308588128	0.2754616529
26.5	6.5	0.1	-5.324339028	0.2787559011
26.5	6.5	0.1083333333	-5.324339028	0.2782070246
26.5	6.5	0.1166666667	-5.367654002	0.2930355922
26.5	6.5	0.125	-5.42278215	0.3196714339
26.5	6.5	0.1333333333	-5.454283949	0.341089487
26.5	6.5	0.1416666667	-5.489723473	0.3715694425
26.5	6.5	0.15	-5.513349822	0.3795326028
26.5	6.5	0.1583333333	-5.533038447	0.392438619
26.5	6.5	0.1666666667	-5.572415696	0.4080909959
26.5	6.5	0.175	-5.611792945	0.4248411259
26.5	6.5	0.1833333333	-5.615730669	0.429509049
26.5	6.5	0.1916666667	-5.647232468	0.4506531583
26.5	6.5	0.2	-5.659045643	0.4728950207
26.5	6.5	0.2083333333	-5.659045643	0.4770140672
26.5	6.5	0.2166666667	-5.662983368	0.4858010369
26.5	6.5	0.225	-5.662983368	0.5022762341
26.5	6.5	0.2333333333	-5.670858818	0.5344038083
26.5	6.5	0.2416666667	-5.674796543	0.5679050572
26.5	6.5	0.25	-5.690547442	0.5827326358
26.5	6.5	0.2583333333	-5.690547442	0.5852040637
26.5	6.5	0.2666666667	-5.718111516	0.6154100755
26.5	6.5	0.275	-5.725986966	0.6475376496
26.5	6.5	0.2833333333	-5.702360617	0.6785664816
26.5	6.5	0.2916666667	-5.686609717	0.6909236213
26.5	6.5	0.3	-5.686609717	0.6928451837
26.5	6.5	0.3083333333	-5.682671992	0.690099812
26.5	6.5	0.3166666667	-5.682671992	0.6933950492
26.5	6.5	0.325	-5.678734268	0.697239163
26.5	6.5	0.3333333333	-5.659045643	0.7332108509
26.5	6.5	0.3416666667	-5.611792945	0.7554537023
26.5	6.5	0.35	-5.60785522	0.7579241413
26.5	6.5	0.3583333333	-5.568477971	0.7831872971
26.5	6.5	0.3666666667	-5.517287547	0.7999374271
26.5	6.5	0.375	-5.513349822	0.7993885505
26.5	6.5	0.3833333333	-5.513349822	0.7996634833
26.5	6.5	0.3916666667	-5.489723473	0.8133923198
26.5	6.5	0.4	-5.410968975	0.8295935733
26.5	6.5	0.4083333333	-5.375529451	0.8403030943
26.5	6.5	0.4166666667	-5.351903102	0.8438732643
26.5	6.5	0.425	-5.351903102	0.8441472081
26.5	6.5	0.4333333333	-5.320401303	0.850188806
26.5	6.5	0.4416666667	-5.292837229	0.8540329198
26.5	6.5	0.45	-5.288899504	0.8551316619
26.5	6.5	0.4583333333	-5.284961779	0.8567792805
26.5	6.5	0.4666666667	-5.277086329	0.8578770336
26.5	6.5	0.475	-5.277086329	0.8570532243
26.5	6.5	0.4833333333	-5.249522255	0.8650163846
26.5	6.5	0.4916666667	-5.158954583	0.8806687615
26.5	6.5	0.5	-5.048698286	0.8985176336
26.5	6.5	0.5083333333	-4.863625217	0.9199356867
26.5	6.5	0.5166666667	-4.623407874	0.9399810539
26.5	6.5	0.525	-4.280848384	0.9603013539
26.5	6.5	0.5333333333	-3.946125644	0.9767765511
26.5	6.5	0.5416666667	-3.615369654	0.9877610049
26.5	6.5	0.55	-2.985333672	1.010826677
26.5	6.5	0.5583333333	-2.674250181	1.022085074
26.5	6.5	0.5666666667	-2.229296945	1.036088844
26.5	6.5	0.575	-2.178083946	1.037733495
26.5	6.5	0.5833333333	-2.182018446	1.03938507
26.5	6.5	0.5916666667	-2.182018446	1.036912653
26.5	6.5	0.6	-2.182018446	1.036912653
26.5	6.5	0.6083333333	-2.182018446	1.036363776
26.5	6.5	0.6166666667	-2.182018446	1.036638709
26.5	6.5	0.625	-2.182018446	1.036363776
26.5	6.5	0.6333333333	-2.182018446	1.036088844
26.5	6.5	0.6416666667	-2.182018446	1.036363776
31.5	6.5	0.008333333333	-3.705927651	0.1807255601
31.5	6.5	0.01666666667	-3.792551148	0.1826481115
31.5	6.5	0.025	-4.115470389	0.1815493695
31.5	6.5	0.03333333333	-4.442291879	0.1829230443
31.5	6.5	0.04166666667	-4.690365322	0.1977506229
31.5	6.5	0.05	-4.887251566	0.2175220463
31.5	6.5	0.05833333333	-5.044760561	0.2372924808
31.5	6.5	0.06666666667	-5.190456382	0.2587105339
31.5	6.5	0.075	-5.288899504	0.2820511384
31.5	6.5	0.08333333333	-5.395218076	0.3166501404
31.5	6.5	0.09166666667	-5.442470775	0.3391669356
31.5	6.5	0.1	-5.442470775	0.3353228218
31.5	6.5	0.1083333333	-5.462159399	0.3548193125
31.5	6.5	0.1166666667	-5.493661198	0.3787087935
31.5	6.5	0.125	-5.533038447	0.4001268466
31.5	6.5	0.1333333333	-5.59997977	0.4245661931
31.5	6.5	0.1416666667	-5.631481569	0.439119828
31.5	6.5	0.15	-5.631481569	0.4388448952
31.5	6.5	0.1583333333	-5.659045643	0.4698747162
31.5	6.5	0.1666666667	-5.662983368	0.4970594345
31.5	6.5	0.175	-5.662983368	0.5110632038
31.5	6.5	0.1833333333	-5.678734268	0.5475847572
31.5	6.5	0.1916666667	-5.686609717	0.5744955317
31.5	6.5	0.2	-5.686609717	0.5744955317
31.5	6.5	0.2083333333	-5.702360617	0.5950897755
31.5	6.5	0.2166666667	-5.725986966	0.6154100755
31.5	6.5	0.225	-5.729924691	0.6461639748
31.5	6.5	0.2333333333	-5.706298342	0.6727998165
31.5	6.5	0.2416666667	-5.686609717	0.686529642
31.5	6.5	0.25	-5.686609717	0.6837842703
31.5	6.5	0.2583333333	-5.686609717	0.684058214
31.5	6.5	0.2666666667	-5.682671992	0.6881772606
31.5	6.5	0.275	-5.682671992	0.6898248792
31.5	6.5	0.2833333333	-5.666921093	0.7117927978
31.5	6.5	0.2916666667	-5.639357019	0.7266203764
31.5	6.5	0.3	-5.596042045	0.7527073416
31.5	6.5	0.3083333333	-5.552727071	0.7730276416
31.5	6.5	0.3166666667	-5.556664796	0.7746752602
31.5	6.5	0.325	-5.552727071	0.7744003275
31.5	6.5	0.3333333333	-5.560602521	0.7752241368
31.5	6.5	0.3416666667	-5.556664796	0.774949204
31.5	6.5	0.35	-5.556664796	0.774949204
31.5	6.5	0.3583333333	-5.544851621	0.7823634878
31.5	6.5	0.3666666667	-5.442470775	0.8161386805
31.5	6.5	0.375	-5.316463578	0.8460697595
31.5	6.5	0.3833333333	-5.202269557	0.869410364
31.5	6.5	0.3916666667	-5.040822836	0.8916522264
31.5	6.5	0.4	-4.820310243	0.9155417074
31.5	6.5	0.4083333333	-4.639178123	0.9295464657
31.5	6.5	0.4166666667	-4.450160879	0.9424524819
31.5	6.5	0.425	-4.206028386	0.9561823074
31.5	6.5	0.4333333333	-3.891010395	0.9732073701
31.5	6.5	0.4416666667	-3.575992405	0.9844657677
31.5	6.5	0.45	-3.430286909	0.9872111394
31.5	6.5	0.4583333333	-3.158580667	0.9979206604
31.5	6.5	0.4666666667	-3.150711667	0.9957241653
31.5	6.5	0.475	-3.284581413	0.9962730418
31.5	6.5	0.4833333333	-3.264908914	0.9910552532
36.5	6.5	0.008333333333	-3.788616648	0.1810004929
36.5	6.5	0.01666666667	-4.091831139	0.1823731788
36.5	6.5	0.025	-4.430488379	0.1818243022
36.5	6.5	0.03333333333	-4.643112623	0.1955541277
36.5	6.5	0.04166666667	-4.859687492	0.212029325
36.5	6.5	0.05	-4.981756963	0.2169721808
36.5	6.5	0.05833333333	-5.115639609	0.2337223108
36.5	6.5	0.06666666667	-5.257397705	0.2584365901
36.5	6.5	0.075	-5.367654002	0.2894654222
36.5	6.5	0.08333333333	-5.450346224	0.321867929
36.5	6.5	0.09166666667	-5.450346224	0.3215929963
36.5	6.5	0.1	-5.450346224	0.3226917384
36.5	6.5	0.1083333333	-5.473972574	0.3463062866
36.5	6.5	0.1166666667	-5.509412098	0.3696468911
36.5	6.5	0.125	-5.560602521	0.392438619
36.5	6.5	0.1333333333	-5.572415696	0.3979303514
36.5	6.5	0.1416666667	-5.576353421	0.3982052842
36.5	6.5	0.15	-5.623606119	0.4185255842
36.5	6.5	0.1583333333	-5.651170193	0.4404925138
36.5	6.5	0.1666666667	-5.662983368	0.4583413859
36.5	6.5	0.175	-5.670858818	0.4951368831
36.5	6.5	0.1833333333	-5.670858818	0.4923915114
36.5	6.5	0.1916666667	-5.678734268	0.5154571831
36.5	6.5	0.2	-5.686609717	0.5484085665
36.5	6.5	0.2083333333	-5.702360617	0.5871266151
36.5	6.5	0.2166666667	-5.729924691	0.6115649727
36.5	6.5	0.225	-5.741737866	0.6296887775
36.5	6.5	0.2333333333	-5.729924691	0.6546770006
36.5	6.5	0.2416666667	-5.714173791	0.6631890375
36.5	6.5	0.25	-5.714173791	0.6620912844
36.5	6.5	0.2583333333	-5.710236067	0.6653865216
36.5	6.5	0.2666666667	-5.686609717	0.6887271261
36.5	6.5	0.275	-5.670858818	0.7021820189
36.5	6.5	0.2833333333	-5.666921093	0.7019070861
36.5	6.5	0.2916666667	-5.670858818	0.7019070861
36.5	6.5	0.3	-5.655107918	0.7183832723
36.5	6.5	0.3083333333	-5.635419294	0.7348584695
36.5	6.5	0.3166666667	-5.59210432	0.7601216254
36.5	6.5	0.325	-5.548789346	0.7782444412
36.5	6.5	0.3333333333	-5.489723473	0.8010361692
36.5	6.5	0.3416666667	-5.4306576	0.8106469481
36.5	6.5	0.35	-5.403093526	0.8210815364
36.5	6.5	0.3583333333	-5.336152203	0.8326148667
36.5	6.5	0.3666666667	-5.332214478	0.833438676
36.5	6.5	0.375	-5.332214478	0.833438676
36.5	6.5	0.3833333333	-5.332214478	0.8337126198
36.5	6.5	0.3916666667	-5.241646805	0.856229415
36.5	6.5	0.4	-5.064449186	0.8839639988
36.5	6.5	0.4083333333	-4.843936592	0.9125214029
36.5	6.5	0.4166666667	-4.631309123	0.926800105
36.5	6.5	0.425	-4.627374624	0.926800105
36.5	6.5	0.4333333333	-4.619473374	0.9281737798
36.5	6.5	0.4416666667	-4.284782884	0.9523381936
36.5	6.5	0.45	-3.780747649	0.9751289325
36.5	6.5	0.4583333333	-3.473598658	0.981719407
36.5	6.5	0.4666666667	-3.107399919	0.9943504905
36.5	6.5	0.475	-2.619134933	1.010002867
36.5	6.5	0.4833333333	-2.402543939	1.016318409
36.5	6.5	0.4916666667	-2.402543939	1.016593342
36.5	6.5	0.5	-2.39467494	1.016593342
36.5	6.5	0.5083333333	-2.402543939	1.016318409
41.5	6.5	0.008333333333	-4.162716637	0.1815493695
41.5	6.5	0.01666666667	-4.477734628	0.1823731788
41.5	6.5	0.025	-4.773057544	0.1944553857
41.5	6.5	0.03333333333	-4.997507863	0.2180709229
41.5	6.5	0.04166666667	-5.214082731	0.2556902294
41.5	6.5	0.05	-5.344027652	0.2771082825
41.5	6.5	0.05833333333	-5.344027652	0.2749117873
41.5	6.5	0.06666666667	-5.442470775	0.3114333408
41.5	6.5	0.075	-5.497598923	0.3509751987
41.5	6.5	0.08333333333	-5.536976172	0.3795326028
41.5	6.5	0.09166666667	-5.596042045	0.4050697025
41.5	6.5	0.1	-5.59997977	0.402049398
41.5	6.5	0.1083333333	-5.603917495	0.4047957587
41.5	6.5	0.1166666667	-5.611792945	0.412758919
41.5	6.5	0.125	-5.666921093	0.4512020348
41.5	6.5	0.1333333333	-5.678734268	0.4731699535
41.5	6.5	0.1416666667	-5.694485167	0.5193012969
41.5	6.5	0.15	-5.698422892	0.5193012969
41.5	6.5	0.1583333333	-5.702360617	0.5582942782
41.5	6.5	0.1666666667	-5.729924691	0.5972862706
41.5	6.5	0.175	-5.749613315	0.6143113334
41.5	6.5	0.1833333333	-5.745675591	0.6187053127
41.5	6.5	0.1916666667	-5.749613315	0.6310614634
41.5	6.5	0.2	-5.749613315	0.6343567006
41.5	6.5	0.2083333333	-5.725986966	0.6700544447
41.5	6.5	0.2166666667	-5.706298342	0.6826855282
41.5	6.5	0.225	-5.690547442	0.700808344
41.5	6.5	0.2333333333	-5.682671992	0.7046534468
41.5	6.5	0.2416666667	-5.678734268	0.7057511999
41.5	6.5	0.25	-5.60785522	0.7609454347
41.5	6.5	0.2583333333	-5.525162997	0.7930730088
41.5	6.5	0.2666666667	-5.383404901	0.8309672481
41.5	6.5	0.275	-5.312525853	0.8416757802
41.5	6.5	0.2833333333	-5.312525853	0.8419507129
41.5	6.5	0.2916666667	-5.273148605	0.8570532243
41.5	6.5	0.3	-4.942379714	0.9034595005
41.5	6.5	0.3083333333	-4.599800874	0.9298213984
41.5	6.5	0.3166666667	-4.206028386	0.9490429563
41.5	6.5	0.325	-4.194224886	0.9528870701
41.5	6.5	0.3333333333	-3.032579921	0.9962730418
41.5	6.5	0.3416666667	-2.867201926	1.000392088
41.5	6.5	0.35	-2.662446682	1.007531439
41.5	6.5	0.3583333333	-2.662446682	1.007256507
41.5	6.5	0.3666666667	-2.666381182	1.006982563
46.5	6.5	0.008333333333	-3.788616648	0.1807255601
46.5	6.5	0.01666666667	-3.788616648	0.1804516164
46.5	6.5	0.025	-3.792551148	0.1804516164
46.5	6.5	0.03333333333	-3.792551148	0.1804516164
46.5	6.5	0.04166666667	-3.792551148	0.1807255601
46.5	6.5	0.05	-3.875240146	0.1812754257
46.5	6.5	0.05833333333	-4.217831886	0.1810004929
46.5	6.5	0.06666666667	-4.560423626	0.1845706629
46.5	6.5	0.075	-4.769119819	0.1974766791
46.5	6.5	0.08333333333	-4.962068339	0.2134029998
46.5	6.5	0.09166666667	-5.107764159	0.2235626553
46.5	6.5	0.1	-5.26133543	0.2438829553
46.5	6.5	0.1083333333	-5.395218076	0.2732641687
46.5	6.5	0.1166666667	-5.473972574	0.304019057
46.5	6.5	0.125	-5.513349822	0.3235155477
46.5	6.5	0.1333333333	-5.509412098	0.3240644242
46.5	6.5	0.1416666667	-5.536976172	0.3504253332
46.5	6.5	0.15	-5.564540246	0.375688489
46.5	6.5	0.1583333333	-5.603917495	0.3916148097
46.5	6.5	0.1666666667	-5.623606119	0.402049398
46.5	6.5	0.175	-5.623606119	0.4006767121
46.5	6.5	0.1833333333	-5.635419294	0.4023243307
46.5	6.5	0.1916666667	-5.651170193	0.4201732028
46.5	6.5	0.2	-5.682671992	0.4514769676
46.5	6.5	0.2083333333	-5.694485167	0.4838784855
46.5	6.5	0.2166666667	-5.694485167	0.4890962741
46.5	6.5	0.225	-5.694485167	0.4921165786
46.5	6.5	0.2333333333	-5.706298342	0.5165559252
46.5	6.5	0.2416666667	-5.710236067	0.5223225903
46.5	6.5	0.25	-5.718111516	0.5588431548
46.5	6.5	0.2583333333	-5.733862416	0.5917945382
46.5	6.5	0.2666666667	-5.733862416	0.5917945382
46.5	6.5	0.275	-5.745675591	0.6090945337
46.5	6.5	0.2833333333	-5.765364215	0.6417709844
46.5	6.5	0.2916666667	-5.733862416	0.6815867861
46.5	6.5	0.3	-5.725986966	0.6920213744
46.5	6.5	0.3083333333	-5.702360617	0.710420112
46.5	6.5	0.3166666667	-5.702360617	0.7084975606
46.5	6.5	0.325	-5.702360617	0.7082226278
46.5	6.5	0.3333333333	-5.698422892	0.713989293
46.5	6.5	0.3416666667	-5.670858818	0.7406251347
46.5	6.5	0.35	-5.596042045	0.7831872971
46.5	6.5	0.3583333333	-5.470034849	0.822729155
46.5	6.5	0.3666666667	-5.316463578	0.8565043478
46.5	6.5	0.375	-5.09201326	0.8919271591
46.5	6.5	0.3833333333	-4.855749767	0.9144439543
46.5	6.5	0.3916666667	-4.658850623	0.9309191515
46.5	6.5	0.4	-4.548620126	0.9353131308
46.5	6.5	0.4083333333	-4.580096125	0.9336655122
46.5	6.5	0.4166666667	-4.339898132	0.9528870701
46.5	6.5	0.425	-3.843764147	0.975678798
46.5	6.5	0.4333333333	-3.087695169	1.000392088
46.5	6.5	0.4416666667	-2.816021177	1.006982563
46.5	6.5	0.45	-2.70575843	1.010002867
46.5	6.5	0.4583333333	-2.560052935	1.013572048
46.5	6.5	0.4666666667	-2.311985942	1.020986332
46.5	6.5	0.475	-2.319854942	1.02345776
46.5	6.5	0.4833333333	-2.319854942	1.021261265
53	6.5	0.008333333333	-3.918584145	0.1788039977
53	6.5	0.01666666667	-3.922518644	0.1790779415
53	6.5	0.025	-3.922518644	0.1804516164
53	6.5	0.03333333333	-3.922518644	0.1788039977
53	6.5	0.04166666667	-3.922518644	0.1788039977
53	6.5	0.05	-3.946125644	0.1815493695
53	6.5	0.05833333333	-4.473800128	0.1906112719
53	6.5	0.06666666667	-4.90694019	0.2087350767
53	6.5	0.075	-5.111701884	0.2392150322
53	6.5	0.08333333333	-5.300712679	0.2746378435
53	6.5	0.09166666667	-5.4306576	0.297978448
53	6.5	0.1	-5.497598923	0.3257120428
53	6.5	0.1083333333	-5.552727071	0.3465812194
53	6.5	0.1166666667	-5.572415696	0.3712945097
53	6.5	0.125	-5.60785522	0.3982052842
53	6.5	0.1333333333	-5.623606119	0.4152303469
53	6.5	0.1416666667	-5.674796543	0.4459842462
53	6.5	0.15	-5.690547442	0.4528496535
53	6.5	0.1583333333	-5.710236067	0.4720712114
53	6.5	0.1666666667	-5.714173791	0.4731699535
53	6.5	0.175	-5.714173791	0.4819569231
53	6.5	0.1833333333	-5.725986966	0.5171048017
53	6.5	0.1916666667	-5.729924691	0.5220476576
53	6.5	0.2	-5.737800141	0.5470358807
53	6.5	0.2083333333	-5.75355104	0.5860278731
53	6.5	0.2166666667	-5.75355104	0.5838313779
53	6.5	0.225	-5.757488765	0.6016802499
53	6.5	0.2333333333	-5.796866014	0.6505579541
53	6.5	0.2416666667	-5.800803739	0.6607176096
53	6.5	0.25	-5.796866014	0.6722509399
53	6.5	0.2583333333	-5.773239665	0.7071248747
53	6.5	0.2666666667	-5.749613315	0.7301905464
53	6.5	0.275	-5.745675591	0.737878774
53	6.5	0.2833333333	-5.741737866	0.7406251347
53	6.5	0.2916666667	-5.737800141	0.7450181251
53	6.5	0.3	-5.729924691	0.7549038368
53	6.5	0.3083333333	-5.710236067	0.7664371671
53	6.5	0.3166666667	-5.702360617	0.7686336623
53	6.5	0.325	-5.670858818	0.7906015809
53	6.5	0.3333333333	-5.655107918	0.7938968181
53	6.5	0.3416666667	-5.603917495	0.8213564692
53	6.5	0.35	-5.493661198	0.8499138733
53	6.5	0.3583333333	-5.477910298	0.8603484615
53	6.5	0.3666666667	-5.363716277	0.883689066
53	6.5	0.375	-5.178643207	0.9141690215
53	6.5	0.3833333333	-5.123515059	0.9204845632
53	6.5	0.3916666667	-4.824247968	0.9462965956
53	6.5	0.4	-4.662785123	0.9537108794
53	6.5	0.4083333333	-4.627374624	0.9561823074
53	6.5	0.4166666667	-4.647047123	0.9548096215
53	6.5	0.425	-4.650981623	0.9545346887
53	6.5	0.4333333333	-4.635243623	0.954259756
53	6.5	0.4416666667	-4.485603628	0.9688133908
53	6.5	0.45	-3.898879395	0.9927028718
53	6.5	0.4583333333	-2.997137172	1.022633951
53	6.5	0.4666666667	-2.347428691	1.03938507
53	6.5	0.475	-2.343494191	1.038831248
