1824.8
4536.04
2346.19
5504.34
2599.44
528.77
767.121
543.667
1988.67
1035.27
1154.44
2897.38
2241.92
3240.01
1646.04
2092.95
2822.9
3448.57
1795.01
350.007
2465.37
2644.13
335.11
1199.13
3761.4
2003.57
2107.84
484.08
1720.52
4312.59
3880.58
2882.48
3806.09
1407.69
1020.37
9720.17
335.11
2092.95
558.564
2808
1571.55
3001.66
3150.63
2599.44
379.801
2808
4178.51
215.935
1437.48
796.915
10852.3
901.193
2703.72
1005.47
1422.59
1348.1
2450.47
2286.61
1437.48
767.121
1005.47
1363
2986.76
4491.35
3433.67
8558.21
1154.44
439.389
6055.53
2510.06
3657.12
3418.77
1824.8
4148.72
5712.9
5355.37
7783.57
1839.7
3552.84
6249.19
2673.93
4387.07
4446.66
3403.88
4208.31
8588
6249.19
2882.48
4461.56
2986.76
2718.62
3001.66
1050.16
1601.35
275.523
3478.36
2212.12
618.152
9317.95
469.183
1079.96
5921.45
841.606
2107.84
4938.26
4446.66
2584.54
1079.96
8364.55
1109.75
3686.92
2942.07
2510.06
1943.98
2033.36
528.77
4640.32
2584.54
841.606
1973.77
1839.7
3776.3
364.904
350.007
4089.13
1214.03
2971.86
7157.9
2227.02
7038.72
1377.89
454.286
230.832
454.286
4148.72
4744.6
2227.02
1407.69
1541.76
945.884
4595.63
335.11
2450.47
9034.91
618.152
1422.59
1065.06
1109.75
782.018
3493.26
2227.02
1497.07
1884.39
4759.49
1884.39
3046.35
3284.7
811.812
886.296
4878.67
2286.61
320.213
647.946
2495.16
2599.44
1780.11
230.832
1258.72
1050.16
1273.62
558.564
662.843
1333.2
1869.49
752.224
782.018
5638.41
3969.96
1422.59
5727.79
305.317
1675.83
5802.28
1973.77
394.698
2822.9
4104.03
8215.58
454.286
2629.24
1497.07
662.843
871.399
871.399
1497.07
2942.07
4178.51
1169.34
1795.01
2495.16
1243.82
796.915
528.77
543.667
379.801
3329.39
1258.72
573.461
1273.62
1780.11
6383.26
2718.62
1288.51
3076.14
1079.96
2212.12
1109.75
4744.6
1616.25
1392.79
826.709
1541.76
4789.29
2644.13
2092.95
4312.59
796.915
5623.52
513.873
1601.35
3254.91
1020.37
1169.34
990.575
3031.45
2524.96
558.564
1214.03
3850.78
2137.64
7470.73
1333.2
3478.36
4670.11
1884.39
11165.2
3091.04
1363
1199.13
916.09
1288.51
1288.51
2227.02
5414.96
1214.03
11686.6
7858.05
7366.46
3344.29
4372.17
3195.32
2793.1
394.698
3686.92
2092.95
6204.5
841.606
722.43
4029.55
2912.28
4461.56
230.832
1169.34
1631.14
1839.7
1497.07
1407.69
1929.08
3582.64
975.678
275.523
811.812
1914.18
1675.83
945.884
1705.63
11939.8
7351.56
916.09
2450.47
1079.96
1660.94
260.626
513.873
9496.71
230.832
5936.35
1392.79
1437.48
1690.73
1363
5549.03
6249.19
528.77
1258.72
350.007
1660.94
3388.98
647.946
4074.24
6442.85
350.007
2748.41
3523.05
796.915
1243.82
1199.13
1318.31
856.502
4431.76
3240.01
4759.49
7306.87
3284.7
1616.25
5117.02
3761.4
2748.41
394.698
543.667
2673.93
1914.18
1735.42
1929.08
2971.86
4804.19
2003.57
1511.97
3567.74
2927.17
1363
6621.61
2599.44
2971.86
2450.47
4550.94
2495.16
424.492
1452.38
1735.42
1109.75
335.11
856.502
3046.35
8319.86
7113.21
5012.74
975.678
1973.77
588.358
3955.06
6874.86
2361.09
1884.39
2763.31
2212.12
3895.47
4640.32
1616.25
2524.96
2435.58
2003.57
230.832
3627.33
3448.57
1631.14
1467.28
290.42
1854.6
603.255
3269.8
6785.48
3061.25
2659.03
1109.75
454.286
3567.74
6413.05
409.595
7277.07
1943.98
2614.34
1452.38
439.389
2808
290.42
2539.85
1824.8
2956.97
1050.16
4387.07
6606.71
4223.21
6502.43
260.626
826.709
3642.23
1020.37
2763.31
588.358
7023.83
305.317
394.698
1824.8
1124.65
3508.15
245.729
692.636
960.781
1616.25
1348.1
2554.75
2748.41
677.739
2971.86
3016.56
2003.57
215.935
1333.2
320.213
2450.47
4327.48
662.843
2852.69
960.781
3061.25
4059.34
2867.59
1511.97
4208.31
752.224
3865.68
2867.59
8126.2
454.286
2107.84
2793.1
2867.59
6055.53
3329.39
5355.37
3135.73
767.121
2539.85
1571.55
871.399
5638.41
6845.06
2450.47
3076.14
2331.3
2018.46
1705.63
245.729
841.606
394.698
7008.93
1079.96
2450.47
1005.47
4387.07
737.327
2793.1
6934.44
3478.36
230.832
2808
2510.06
1660.94
1571.55
662.843
7128.1
8543.31
5995.94
5593.72
767.121
4848.88
4789.29
2227.02
1228.93
2629.24
886.296
245.729
588.358
2927.17
3448.57
1482.17
5072.33
945.884
1452.38
4565.83
2942.07
2063.15
439.389
215.935
2659.03
1333.2
737.327
6308.77
826.709
1497.07
1765.21
3046.35
945.884
1348.1
1065.06
409.595
2092.95
1050.16
3314.49
752.224
1258.72
3061.25
1958.87
811.812
1869.49
469.183
2793.1
498.976
215.935
2942.07
1348.1
2927.17
3016.56
2301.5
245.729
2227.02
1705.63
1228.93
2331.3
4431.76
782.018
2167.43
2048.26
1824.8
6308.77
409.595
4431.76
2197.23
1273.62
2152.53
2301.5
2182.33
811.812
1646.04
1482.17
3776.3
588.358
1809.91
1824.8
424.492
5087.23
1020.37
320.213
5340.47
2956.97
3820.99
4133.82
886.296
409.595
2748.41
4089.13
3284.7
6949.34
2882.48
1899.29
4029.55
1035.27
3210.22
409.595
2078.05
722.43
394.698
2495.16
2197.23
722.43
930.987
1124.65
3716.71
543.667
290.42
2912.28
707.533
3180.42
11269.4
901.193
811.812
4595.63
2018.46
1482.17
3657.12
3657.12
1392.79
1288.51
3105.94
3791.2
573.461
350.007
5027.64
2420.68
782.018
454.286
171.244
3150.63
1363
3031.45
2822.9
1154.44
245.729
707.533
6308.77
6055.53
379.801
2837.79
633.049
1467.28
1422.59
3761.4
394.698
5712.9
6576.92
647.946
1273.62
1914.18
4163.62
4476.45
1765.21
588.358
2495.16
707.533
13489.1
439.389
871.399
2375.99
379.801
1050.16
5772.49
1780.11
2480.27
2554.75
1690.73
379.801
1288.51
335.11
1452.38
752.224
3701.81
6040.63
11224.8
1556.66
4982.95
3567.74
3210.22
275.523
6427.95
1958.87
2241.92
662.843
245.729
11537.6
5340.47
1869.49
960.781
2763.31
856.502
1422.59
2629.24
2629.24
2584.54
3150.63
5310.68
3105.94
4938.26
2063.15
7932.54
7068.52
2539.85
3776.3
7202.59
5474.55
4804.19
662.843
305.317
12491
3388.98
3969.96
871.399
3195.32
752.224
4521.14
2912.28
2271.71
335.11
1407.69
1065.06
4968.05
3627.33
2152.53
1333.2
1884.39
4610.53
3552.84
5519.24
1169.34
5340.47
1154.44
2748.41
1079.96
558.564
3999.75
7321.76
573.461
1526.86
1958.87
752.224
320.213
3359.18
3537.95
1869.49
2465.37
677.739
573.461
2659.03
290.42
2793.1
4729.7
1333.2
767.121
1601.35
528.77
1109.75
4714.8
6740.78
1899.29
3031.45
5787.38
3359.18
1109.75
647.946
975.678
1556.66
7619.7
2301.5
320.213
5995.94
2018.46
916.09
3448.57
886.296
2271.71
5593.72
3552.84
1065.06
4118.93
558.564
2614.34
618.152
1735.42
3493.26
1780.11
1288.51
1526.86
379.801
2614.34
6442.85
1929.08
305.317
2361.09
1363
3314.49
5802.28
2182.33
513.873
7366.46
394.698
2450.47
975.678
6159.8
3984.86
2182.33
1199.13
2927.17
7113.21
960.781
1571.55
1884.39
6591.82
379.801
618.152
290.42
811.812
9749.96
1228.93
1675.83
1303.41
2793.1
350.007
2822.9
4789.29
3001.66
3791.2
469.183
3210.22
975.678
2718.62
3165.52
3403.88
5474.55
6204.5
2673.93
10330.9
1273.62
4387.07
3508.15
409.595
1020.37
588.358
1422.59
1675.83
3135.73
662.843
1169.34
1079.96
1184.23
3046.35
901.193
260.626
4387.07
1497.07
633.049
2122.74
3865.68
2897.38
737.327
2793.1
4536.04
2346.19
3210.22
1228.93
1243.82
1914.18
3940.16
1303.41
2927.17
2346.19
4595.63
1705.63
394.698
1139.54
1869.49
1437.48
4640.32
2629.24
603.255
811.812
4982.95
379.801
2018.46
1824.8
7232.38
945.884
4208.31
8945.53
424.492
6696.09
633.049
2986.76
9481.82
1884.39
2033.36
1735.42
1214.03
1094.85
4938.26
677.739
588.358
1348.1
4893.57
1154.44
439.389
6353.46
3091.04
1333.2
1750.32
2897.38
5861.87
633.049
1869.49
1005.47
3225.11
1675.83
1511.97
5534.13
2063.15
2256.81
3820.99
6740.78
5981.04
2584.54
662.843
5638.41
4267.9
1109.75
5951.25
320.213
9496.71
3731.61
4446.66
424.492
8275.17
707.533
811.812
3448.57
945.884
2644.13
916.09
1333.2
2673.93
4699.91
2688.82
9898.93
1214.03
6249.19
6621.61
767.121
1586.45
3761.4
1824.8
2465.37
8319.86
796.915
2942.07
2316.4
2167.43
245.729
6845.06
1795.01
2495.16
1675.83
275.523
1005.47
1407.69
4536.04
618.152
543.667
2480.27
722.43
841.606
3776.3
856.502
8588
1884.39
886.296
4074.24
10941.7
2286.61
394.698
4223.21
633.049
5295.78
3284.7
2897.38
916.09
260.626
5608.62
1571.55
394.698
409.595
975.678
8439.03
2316.4
1422.59
4804.19
6070.42
3627.33
1795.01
722.43
2301.5
4491.35
3195.32
3284.7
886.296
2882.48
1452.38
2003.57
3135.73
5176.61
543.667
1646.04
558.564
5727.79
8826.35
7396.25
2107.84
8290.06
5951.25
3210.22
782.018
752.224
6442.85
871.399
513.873
1958.87
2569.65
886.296
528.77
4655.22
1422.59
3344.29
13146.5
3597.54
1660.94
1869.49
737.327
8960.43
3433.67
811.812
439.389
409.595
215.935
2286.61
1065.06
5340.47
7083.41
320.213
5444.75
3374.08
1050.16
3627.33
4804.19
796.915
826.709
975.678
3731.61
3597.54
2673.93
6606.71
2673.93
260.626
1407.69
2420.68
1660.94
1079.96
2033.36
707.533
647.946
1228.93
3135.73
2688.82
5549.03
6159.8
2614.34
4148.72
3969.96
2569.65
5176.61
1184.23
811.812
2212.12
7753.78
4565.83
4953.15
3925.27
1139.54
1318.31
1452.38
2018.46
1824.8
3865.68
1601.35
1526.86
305.317
811.812
7798.47
379.801
2614.34
9243.47
4863.77
960.781
677.739
1750.32
1467.28
3135.73
2539.85
1228.93
3269.8
4804.19
2107.84
186.141
916.09
3552.84
439.389
215.935
1199.13
2644.13
6487.54
1258.72
1079.96
1914.18
1363
245.729
2212.12
1437.48
1705.63
6234.29
2152.53
3105.94
4744.6
186.141
1154.44
722.43
1511.97
1363
5400.06
260.626
2748.41
8319.86
3508.15
3076.14
2718.62
2122.74
692.636
5042.54
2510.06
558.564
186.141
2569.65
1973.77
2212.12
2435.58
379.801
3329.39
1318.31
4431.76
1660.94
558.564
290.42
4193.41
2733.51
1467.28
633.049
6353.46
1392.79
1765.21
573.461
3597.54
394.698
1809.91
2271.71
1571.55
2137.64
4446.66
1288.51
2063.15
1467.28
424.492
5042.54
2107.84
2614.34
1675.83
975.678
1139.54
2867.59
1422.59
245.729
1407.69
1467.28
1050.16
3657.12
558.564
3642.23
1228.93
10122.4
1377.89
1526.86
2956.97
1914.18
2003.57
1214.03
1452.38
1273.62
3105.94
305.317
2092.95
3984.86
7828.26
1899.29
305.317
558.564
1005.47
2256.81
677.739
364.904
1184.23
215.935
3835.89
1780.11
7917.64
543.667
2003.57
8766.77
1452.38
3627.33
1363
2122.74
275.523
320.213
6979.14
3820.99
4312.59
3269.8
8736.97
1139.54
394.698
484.08
5802.28
871.399
1169.34
3359.18
3001.66
2346.19
2361.09
1705.63
856.502
2808
886.296
454.286
2182.33
3269.8
2793.1
1467.28
2986.76
1482.17
1795.01
8304.96
1809.91
1526.86
186.141
469.183
320.213
916.09
901.193
3940.16
260.626
2375.99
1646.04
3776.3
4714.8
1348.1
3076.14
7187.69
1139.54
960.781
12908.1
722.43
573.461
320.213
2063.15
1705.63
2778.2
2465.37
2182.33
4253
1601.35
3761.4
275.523
245.729
4044.44
245.729
5117.02
6621.61
4923.36
796.915
1497.07
826.709
2629.24
1497.07
2942.07
2346.19
424.492
677.739
2599.44
6055.53
1050.16
484.08
692.636
2018.46
350.007
4416.87
1631.14
4118.93
692.636
3597.54
1243.82
692.636
1750.32
1065.06
1586.45
5846.97
930.987
647.946
8111.3
588.358
260.626
1348.1
2212.12
335.11
1586.45
1199.13
3001.66
2018.46
2956.97
1154.44
975.678
201.038
1065.06
871.399
1214.03
916.09
1243.82
8677.38
1079.96
5295.78
454.286
484.08
2346.19
230.832
2301.5
2316.4
2152.53
5995.94
2212.12
5325.58
1556.66
3225.11
7977.23
901.193
960.781
4059.34
2107.84
1705.63
4401.97
4223.21
945.884
1854.6
2763.31
4104.03
856.502
2316.4
2092.95
2465.37
2048.26
647.946
1288.51
454.286
7649.5
528.77
1363
1422.59
201.038
350.007
3269.8
2569.65
1392.79
8141.09
4625.42
1854.6
2763.31
633.049
230.832
215.935
2808
1348.1
662.843
439.389
662.843
5936.35
6740.78
856.502
1675.83
1824.8
3091.04
543.667
1363
782.018
1437.48
7798.47
886.296
2822.9
2048.26
3627.33
394.698
1988.67
1214.03
4550.94
1571.55
1809.91
2584.54
350.007
6815.27
260.626
6293.88
1318.31
3478.36
647.946
1139.54
1765.21
5414.96
3180.42
3582.64
1854.6
1809.91
3031.45
3955.06
379.801
588.358
901.193
2346.19
3657.12
1809.91
4625.42
5861.87
2122.74
2927.17
871.399
9690.37
722.43
320.213
513.873
1541.76
2584.54
439.389
2897.38
2375.99
2152.53
796.915
5459.65
826.709
2346.19
573.461
4938.26
1526.86
2182.33
230.832
4968.05
2212.12
6085.32
528.77
1824.8
1750.32
1050.16
767.121
364.904
2212.12
886.296
8319.86
3076.14
3299.6
11805.7
1392.79
1795.01
8945.53
1854.6
290.42
3046.35
10733.2
305.317
3240.01
6472.64
350.007
1884.39
1079.96
335.11
1660.94
1020.37
3135.73
1914.18
6100.22
1020.37
3180.42
290.42
4029.55
1675.83
5727.79
2986.76
1809.91
558.564
5772.49
856.502
752.224
3195.32
1452.38
1467.28
2673.93
4282.79
1065.06
2524.96
4416.87
2450.47
4610.53
2018.46
2197.23
871.399
1795.01
10494.8
3537.95
603.255
5340.47
6234.29
2033.36
1065.06
1735.42
424.492
722.43
3314.49
826.709
945.884
3210.22
4804.19
2346.19
4595.63
4625.42
320.213
4521.14
3567.74
5310.68
6919.55
3523.05
4163.62
469.183
3463.46
2197.23
3418.77
2956.97
2822.9
3240.01
2182.33
7649.5
2390.88
1482.17
260.626
1452.38
1482.17
469.183
215.935
2122.74
260.626
4163.62
2346.19
1750.32
2927.17
1139.54
379.801
1288.51
2718.62
2822.9
7560.12
1035.27
4878.67
796.915
3567.74
2688.82
588.358
1973.77
2420.68
3061.25
6487.54
3642.23
588.358
3716.71
990.575
5027.64
3806.09
6830.17
1452.38
1467.28
1199.13
2927.17
1243.82
4431.76
13235.8
9258.36
6591.82
2733.51
1616.25
3165.52
3061.25
2852.69
930.987
2942.07
2733.51
2003.57
5727.79
5951.25
2375.99
4059.34
6457.74
930.987
558.564
1139.54
4089.13
2584.54
1243.82
2554.75
364.904
8185.79
707.533
1348.1
3001.66
6845.06
1318.31
1482.17
4550.94
1020.37
1079.96
6025.73
707.533
3806.09
1214.03
2063.15
2152.53
707.533
3940.16
1079.96
3061.25
4089.13
1169.34
1288.51
230.832
469.183
424.492
14829.8
543.667
2644.13
5861.87
1526.86
1050.16
543.667
1333.2
230.832
1750.32
513.873
1154.44
1765.21
2390.88
5489.44
1541.76
5981.04
1839.7
305.317
960.781
5489.44
2450.47
1616.25
588.358
2569.65
6010.84
573.461
4208.31
3880.58
1184.23
484.08
2927.17
4595.63
886.296
2301.5
3940.16
3984.86
618.152
1363
379.801
1869.49
3463.46
14546.8
260.626
245.729
3195.32
409.595
1690.73
871.399
1154.44
2927.17
6964.24
2808
275.523
513.873
1943.98
3701.81
1035.27
3776.3
3418.77
2361.09
2852.69
364.904
1511.97
3388.98
2971.86
1869.49
1318.31
1795.01
1526.86
3969.96
2197.23
2599.44
454.286
2659.03
662.843
796.915
3746.5
1333.2
752.224
2107.84
2107.84
3001.66
1929.08
603.255
5355.37
275.523
1184.23
3165.52
1586.45
513.873
543.667
9839.34
1333.2
1884.39
2688.82
2435.58
2003.57
1884.39
2956.97
1139.54
603.255
1631.14
3523.05
10018.1
2271.71
1169.34
1005.47
11805.7
3105.94
6353.46
5683.1
1690.73
10479.9
871.399
5131.92
2584.54
588.358
4923.36
5995.94
4178.51
409.595
1079.96
5817.18
5578.83
2659.03
5459.65
5265.99
1154.44
484.08
3269.8
7172.8
856.502
2748.41
2778.2
4178.51
2063.15
409.595
916.09
1363
4193.41
1571.55
1273.62
1809.91
2405.78
215.935
230.832
2301.5
737.327
707.533
5146.81
5757.59
647.946
1139.54
1243.82
1243.82
6204.5
1780.11
1541.76
275.523
14591.5
2659.03
9600.99
767.121
7604.81
2971.86
10897
3120.83
1631.14
1214.03
1809.91
826.709
1795.01
737.327
767.121
230.832
2599.44
1124.65
2286.61
4044.44
6368.36
1035.27
4089.13
5042.54
1228.93
379.801
3061.25
2256.81
796.915
1258.72
2316.4
5966.15
275.523
2480.27
1318.31
305.317
1199.13
1348.1
5102.12
707.533
1243.82
3091.04
826.709
558.564
722.43
603.255
350.007
275.523
1601.35
5802.28
647.946
8275.17
5161.71
886.296
215.935
1541.76
1199.13
2882.48
3910.37
1884.39
1675.83
8021.92
3299.6
826.709
2152.53
1720.52
439.389
4685.01
439.389
4193.41
528.77
4550.94
1616.25
4133.82
647.946
1690.73
1616.25
3299.6
1929.08
5698
364.904
3657.12
4759.49
2733.51
1288.51
901.193
1541.76
3403.88
5042.54
1795.01
8409.24
230.832
364.904
1765.21
2956.97
275.523
1988.67
1124.65
1452.38
2271.71
1377.89
1586.45
588.358
3508.15
3627.33
8930.63
1422.59
558.564
1392.79
1035.27
498.976
1005.47
469.183
498.976
618.152
2316.4
2450.47
752.224
856.502
1780.11
2733.51
484.08
6651.4
3031.45
1288.51
9973.42
1139.54
2912.28
975.678
4729.7
2912.28
1020.37
1079.96
6696.09
3463.46
2435.58
1854.6
4476.45
469.183
3195.32
1288.51
3403.88
379.801
3076.14
1005.47
960.781
1422.59
2316.4
3359.18
1184.23
1094.85
1199.13
3999.75
3329.39
3120.83
5072.33
5310.68
320.213
1735.42
2986.76
3195.32
201.038
409.595
528.77
5981.04
498.976
1139.54
1109.75
2510.06
201.038
469.183
1601.35
1065.06
12863.4
3061.25
796.915
1035.27
3299.6
305.317
8439.03
275.523
2882.48
3254.91
1511.97
1109.75
1854.6
1258.72
1750.32
1720.52
856.502
2033.36
1929.08
3955.06
2942.07
2554.75
2956.97
3880.58
2361.09
245.729
1705.63
3076.14
2852.69
245.729
1154.44
484.08
1214.03
1720.52
2107.84
1407.69
1184.23
2033.36
2986.76
1511.97
1824.8
11060.9
6130.01
886.296
394.698
2063.15
1258.72
1675.83
886.296
1750.32
2435.58
6696.09
2927.17
3478.36
796.915
424.492
4089.13
6278.98
677.739
1899.29
1467.28
2152.53
1035.27
335.11
5712.9
4357.28
1646.04
1422.59
3686.92
2510.06
1958.87
782.018
6696.09
2673.93
722.43
6308.77
2673.93
2390.88
871.399
201.038
1795.01
1869.49
2465.37
350.007
6204.5
2420.68
320.213
1258.72
2450.47
1690.73
5027.64
5712.9
3254.91
2465.37
1958.87
4759.49
6979.14
1973.77
1154.44
633.049
7306.87
901.193
1154.44
2063.15
3820.99
498.976
275.523
469.183
737.327
1929.08
2212.12
1556.66
1139.54
2912.28
498.976
7798.47
1154.44
5906.56
320.213
3120.83
10971.5
2480.27
245.729
752.224
5385.17
662.843
2733.51
2167.43
796.915
573.461
1601.35
3612.43
394.698
290.42
335.11
6606.71
2599.44
3016.56
1809.91
5131.92
1884.39
409.595
2584.54
558.564
1035.27
603.255
1437.48
1169.34
2152.53
5280.89
2882.48
1646.04
201.038
275.523
1214.03
2986.76
767.121
3597.54
3582.64
1079.96
633.049
692.636
1214.03
1065.06
573.461
2286.61
2361.09
3597.54
767.121
4640.32
1020.37
5623.52
1124.65
409.595
10196.9
1556.66
2554.75
2793.1
3284.7
3165.52
439.389
2405.78
2644.13
8588
6547.12
4774.39
1050.16
1884.39
364.904
469.183
3493.26
305.317
320.213
737.327
1452.38
2227.02
2182.33
484.08
1258.72
6562.02
3820.99
2956.97
2003.57
1943.98
1199.13
2316.4
752.224
2078.05
1988.67
2867.59
1839.7
1541.76
4774.39
782.018
901.193
543.667
6919.55
841.606
2644.13
7575.01
2078.05
260.626
2956.97
5534.13
1750.32
6413.05
5638.41
1795.01
5325.58
469.183
3537.95
2137.64
603.255
543.667
603.255
2659.03
6562.02
826.709
3642.23
5221.3
8796.56
2375.99
1392.79
3820.99
3746.5
1079.96
4223.21
7068.52
647.946
2808
1943.98
3344.29
5936.35
4789.29
9317.95
1199.13
5280.89
3314.49
3478.36
2808
4550.94
1303.41
2659.03
543.667
2450.47
2644.13
1050.16
1497.07
350.007
1854.6
945.884
2629.24
1809.91
677.739
1511.97
2733.51
1348.1
990.575
9124.29
3895.47
2450.47
2673.93
1750.32
662.843
1407.69
3806.09
2897.38
230.832
6815.27
2137.64
379.801
1318.31
1273.62
1973.77
2882.48
573.461
3031.45
1407.69
1184.23
10524.6
3746.5
3210.22
677.739
1884.39
3314.49
1646.04
215.935
856.502
2078.05
2390.88
379.801
3806.09
5444.75
1392.79
484.08
1571.55
1065.06
1839.7
1065.06
6368.36
916.09
6055.53
1705.63
2852.69
2316.4
3150.63
975.678
6398.16
3716.71
245.729
4163.62
364.904
484.08
6994.03
1303.41
5251.09
528.77
335.11
2092.95
469.183
3195.32
2688.82
975.678
990.575
10658.7
2301.5
1839.7
2033.36
2882.48
3001.66
2971.86
930.987
1199.13
722.43
1750.32
1243.82
275.523
7932.54
1318.31
9258.36
379.801
1169.34
1273.62
558.564
290.42
3225.11
3478.36
3225.11
7694.19
647.946
3269.8
2033.36
2778.2
677.739
1094.85
3701.81
3493.26
1005.47
1079.96
1780.11
4074.24
1452.38
1228.93
1348.1
305.317
2137.64
2420.68
886.296
916.09
2197.23
1422.59
573.461
3835.89
1407.69
1154.44
11731.3
8841.25
662.843
1720.52
3284.7
8632.69
2942.07
3984.86
1318.31
230.832
2420.68
2033.36
1184.23
3299.6
2673.93
8826.35
588.358
3225.11
1780.11
8141.09
3478.36
260.626
1705.63
5876.76
3910.37
8796.56
379.801
4208.31
1363
513.873
230.832
3403.88
4565.83
245.729
2673.93
707.533
1348.1
2405.78
3433.67
573.461
3225.11
692.636
1601.35
1556.66
1884.39
1288.51
1929.08
1318.31
1050.16
886.296
2837.79
1690.73
10911.9
245.729
10524.6
692.636
335.11
677.739
528.77
6070.42
1437.48
8871.04
5563.93
588.358
2152.53
1377.89
379.801
260.626
2107.84
1809.91
424.492
1094.85
7664.39
2688.82
618.152
811.812
1154.44
2539.85
2569.65
3686.92
767.121
1154.44
2524.96
1392.79
3105.94
945.884
335.11
424.492
3165.52
1526.86
4238.1
3895.47
528.77
528.77
1765.21
1497.07
3061.25
5370.27
1899.29
10614
484.08
1795.01
4565.83
1452.38
1184.23
1929.08
379.801
2256.81
1660.94
3344.29
9407.33
1154.44
1333.2
3552.84
2465.37
320.213
5534.13
2256.81
1839.7
618.152
6800.37
3672.02
275.523
4521.14
3910.37
4178.51
2078.05
409.595
3567.74
1765.21
2510.06
275.523
2584.54
2182.33
4089.13
916.09
5072.33
4908.46
8617.8
3016.56
1646.04
2241.92
1348.1
901.193
3105.94
5921.45
394.698
3776.3
5370.27
498.976
1333.2
1556.66
3657.12
2688.82
1199.13
1333.2
4670.11
4476.45
1929.08
3374.08
4312.59
2241.92
707.533
6010.84
5906.56
2003.57
1809.91
9943.62
662.843
573.461
3567.74
1839.7
5519.24
3955.06
3225.11
752.224
1795.01
2897.38
8275.17
930.987
6904.65
305.317
1497.07
2003.57
2256.81
1154.44
3105.94
8260.27
2495.16
5280.89
8394.34
4848.88
2405.78
2837.79
4491.35
379.801
2063.15
4253
2227.02
6442.85
1363
901.193
1035.27
4297.69
1646.04
4431.76
7336.66
1377.89
2882.48
3388.98
2435.58
796.915
3493.26
1273.62
305.317
618.152
1511.97
5817.18
2942.07
1035.27
2495.16
2003.57
6040.63
4640.32
3314.49
4699.91
1526.86
722.43
1363
6755.68
12654.9
1839.7
1482.17
2152.53
5966.15
618.152
4238.1
1824.8
1750.32
826.709
4550.94
886.296
6189.6
1675.83
379.801
2405.78
2227.02
1273.62
1094.85
6755.68
811.812
1497.07
3493.26
3329.39
1586.45
2584.54
2003.57
3076.14
4580.73
230.832
916.09
2569.65
1571.55
1065.06
394.698
1243.82
1437.48
1199.13
2316.4
7575.01
1288.51
9079.6
6308.77
3076.14
871.399
1511.97
3105.94
2882.48
1929.08
230.832
186.141
5444.75
409.595
2867.59
350.007
3806.09
245.729
4938.26
5027.64
2301.5
2122.74
409.595
1333.2
3552.84
5549.03
916.09
290.42
5325.58
722.43
1273.62
677.739
5012.74
811.812
990.575
1973.77
2450.47
335.11
3031.45
1884.39
960.781
1035.27
3686.92
2092.95
5221.3
4148.72
379.801
2048.26
3076.14
4401.97
573.461
3299.6
2107.84
4029.55
5117.02
320.213
364.904
3969.96
5578.83
320.213
2808
2971.86
2227.02
2673.93
4416.87
260.626
3433.67
767.121
4372.17
1914.18
2644.13
439.389
379.801
454.286
1601.35
5355.37
2510.06
2763.31
11224.8
1065.06
3835.89
245.729
379.801
11761
3001.66
1407.69
2942.07
513.873
8841.25
1243.82
1452.38
1214.03
2763.31
767.121
2033.36
350.007
1660.94
3284.7
647.946
7530.32
2837.79
1943.98
2033.36
1228.93
2703.72
2480.27
1392.79
454.286
4059.34
4938.26
618.152
1482.17
1348.1
4074.24
3344.29
1601.35
2182.33
3165.52
543.667
573.461
1199.13
633.049
856.502
662.843
1005.47
3269.8
2599.44
2897.38
469.183
1169.34
3642.23
5206.4
1601.35
5504.34
1363
2361.09
2361.09
2942.07
692.636
707.533
1824.8
9869.14
4238.1
3150.63
8260.27
1243.82
2256.81
13861.5
1050.16
4223.21
1780.11
707.533
3716.71
1750.32
633.049
7232.38
3210.22
707.533
796.915
335.11
1720.52
2748.41
916.09
2599.44
1601.35
4267.9
4878.67
5832.07
1422.59
960.781
1497.07
1646.04
528.77
2778.2
3865.68
5489.44
4357.28
811.812
305.317
1243.82
1318.31
1035.27
856.502
4833.98
5295.78
1660.94
3433.67
767.121
409.595
2852.69
498.976
2256.81
3031.45
3791.2
2718.62
2152.53
767.121
1526.86
4401.97
5474.55
3359.18
1809.91
394.698
1929.08
1571.55
1973.77
7157.9
4193.41
930.987
1079.96
1675.83
2822.9
603.255
335.11
1973.77
1199.13
1005.47
4640.32
1243.82
1452.38
2986.76
633.049
513.873
2867.59
1228.93
2673.93
1541.76
4253
7887.85
707.533
230.832
424.492
2748.41
1586.45
3329.39
2137.64
364.904
3061.25
1407.69
2197.23
1199.13
2331.3
3448.57
350.007
2197.23
1616.25
1750.32
633.049
1079.96
2465.37
2852.69
5102.12
945.884
916.09
916.09
1795.01
1750.32
8275.17
1899.29
1795.01
1631.14
2837.79
4536.04
2569.65
3105.94
1795.01
3210.22
1139.54
305.317
1765.21
4193.41
9541.41
2375.99
1363
454.286
230.832
782.018
1705.63
2599.44
1303.41
1720.52
4059.34
901.193
2852.69
5057.43
454.286
2212.12
3299.6
5295.78
3210.22
1288.51
1556.66
2852.69
10897
3403.88
2361.09
2793.1
3791.2
3508.15
916.09
409.595
2644.13
1079.96
3001.66
3657.12
4148.72
1690.73
945.884
2614.34
2524.96
796.915
424.492
6651.4
4401.97
3031.45
1333.2
2301.5
5593.72
3999.75
5578.83
7843.16
245.729
1065.06
811.812
1675.83
2212.12
2033.36
692.636
4491.35
1571.55
2107.84
1601.35
7813.36
394.698
2107.84
3403.88
10256.5
4625.42
1452.38
5861.87
1050.16
2718.62
3314.49
1750.32
3880.58
1109.75
350.007
4178.51
767.121
3329.39
1869.49
1884.39
7723.98
1526.86
1541.76
5683.1
275.523
1660.94
930.987
7247.28
4565.83
3120.83
350.007
12818.7
4804.19
484.08
3046.35
3269.8
2912.28
513.873
2286.61
2152.53
1154.44
1139.54
1601.35
8290.06
484.08
2405.78
6115.11
1139.54
3240.01
230.832
4267.9
782.018
5191.51
13667.9
707.533
2107.84
2659.03
1273.62
1020.37
1497.07
7902.74
1020.37
871.399
1452.38
558.564
2942.07
350.007
796.915
1631.14
8796.56
1556.66
737.327
6785.48
1258.72
364.904
1050.16
2808
2524.96
3359.18
1288.51
1065.06
7902.74
1780.11
3016.56
4536.04
1958.87
811.812
5102.12
1914.18
2256.81
3582.64
260.626
1511.97
1452.38
1824.8
498.976
4789.29
2927.17
1616.25
2614.34
5042.54
4282.79
6010.84
1660.94
2092.95
1452.38
2852.69
4327.48
409.595
394.698
1899.29
737.327
7187.69
1005.47
4297.69
394.698
4178.51
1124.65
2316.4
4789.29
1437.48
722.43
379.801
454.286
990.575
2748.41
3984.86
1750.32
1541.76
4655.22
469.183
916.09
4267.9
2718.62
2569.65
1318.31
856.502
1854.6
782.018
3299.6
215.935
1407.69
513.873
2003.57
558.564
4059.34
7232.38
1035.27
618.152
1288.51
215.935
2092.95
6249.19
633.049
1660.94
782.018
1809.91
782.018
5921.45
4282.79
5057.43
1958.87
4372.17
2882.48
1899.29
1109.75
4044.44
2599.44
1005.47
1005.47
7828.26
484.08
2956.97
1541.76
2078.05
4133.82
3746.5
6115.11
3195.32
707.533
1139.54
692.636
2227.02
2361.09
3508.15
4744.6
2644.13
2301.5
350.007
2092.95
1571.55
1750.32
1735.42
1854.6
2420.68
3076.14
1273.62
767.121
4729.7
10301.1
3657.12
335.11
2510.06
722.43
2167.43
2405.78
2107.84
886.296
841.606
856.502
1780.11
2644.13
2882.48
3180.42
1497.07
11209.9
2316.4
2152.53
2331.3
1765.21
1705.63
3552.84
2897.38
3240.01
3120.83
305.317
2822.9
796.915
364.904
305.317
1497.07
5698
3806.09
3940.16
707.533
3910.37
7351.56
1243.82
4804.19
1139.54
1839.7
1616.25
2465.37
2137.64
2331.3
1214.03
573.461
5310.68
1824.8
1214.03
1184.23
633.049
215.935
2331.3
752.224
7649.5
1020.37
2182.33
1139.54
1214.03
6830.17
3523.05
8170.89
1497.07
215.935
6621.61
9139.19
1348.1
1318.31
7008.93
12163.3
5117.02
2659.03
3061.25
5146.81
2390.88
782.018
424.492
1035.27
1511.97
320.213
1303.41
960.781
3016.56
3180.42
260.626
1407.69
1631.14
1914.18
6562.02
2703.72
782.018
2346.19
2971.86
1631.14
469.183
1809.91
245.729
2956.97
3582.64
2063.15
916.09
1586.45
1660.94
4655.22
1631.14
3329.39
290.42
1303.41
2152.53
1020.37
2793.1
1214.03
1377.89
856.502
856.502
4074.24
1243.82
3999.75
1422.59
5668.21
782.018
1482.17
1497.07
7291.97
856.502
871.399
201.038
2822.9
3329.39
364.904
3493.26
841.606
1258.72
4804.19
1780.11
1929.08
4014.65
1079.96
2778.2
677.739
2644.13
13206
871.399
4982.95
662.843
1526.86
841.606
2301.5
6204.5
2167.43
796.915
1675.83
3984.86
2584.54
2673.93
1258.72
1973.77
1795.01
901.193
7172.8
3612.43
2346.19
454.286
3478.36
454.286
916.09
945.884
692.636
1035.27
1169.34
677.739
2569.65
1497.07
3761.4
1884.39
1556.66
662.843
1452.38
379.801
1124.65
1556.66
707.533
2897.38
3061.25
1541.76
633.049
2078.05
1199.13
1392.79
454.286
2241.92
3880.58
290.42
603.255
1050.16
2167.43
3523.05
677.739
275.523
2092.95
2539.85
1124.65
2778.2
394.698
2405.78
2078.05
1109.75
1139.54
1690.73
1497.07
960.781
2584.54
6040.63
513.873
4580.73
752.224
1705.63
3537.95
945.884
2584.54
394.698
2301.5
2956.97
2167.43
1571.55
2197.23
1079.96
469.183
1288.51
5742.69
260.626
6874.86
1824.8
930.987
2882.48
856.502
2167.43
3761.4
1765.21
1124.65
8811.46
2227.02
588.358
5653.31
752.224
647.946
2822.9
1750.32
5519.24
618.152
2241.92
3955.06
6368.36
3329.39
2033.36
290.42
3776.3
1556.66
633.049
2122.74
6889.75
364.904
1586.45
3850.78
1765.21
2942.07
871.399
6159.8
1839.7
2644.13
558.564
513.873
573.461
484.08
4208.31
335.11
1482.17
2703.72
811.812
1452.38
960.781
4595.63
2942.07
3240.01
2822.9
528.77
230.832
2241.92
856.502
3046.35
2495.16
1586.45
1705.63
5221.3
8111.3
945.884
1660.94
677.739
245.729
8766.77
7455.84
2659.03
7083.41
4550.94
245.729
2584.54
1616.25
4104.03
13727.4
409.595
3120.83
2733.51
3240.01
230.832
1660.94
3627.33
1258.72
379.801
4699.91
4148.72
7634.6
394.698
1899.29
2227.02
886.296
1750.32
1780.11
2882.48
647.946
1333.2
856.502
3195.32
3716.71
543.667
3567.74
4491.35
722.43
2524.96
454.286
1184.23
2986.76
871.399
662.843
350.007
12401.6
767.121
3969.96
4208.31
498.976
603.255
7321.76
2703.72
1363
1899.29
454.286
2852.69
1035.27
3478.36
886.296
2808
2107.84
1214.03
4938.26
4908.46
13146.5
1720.52
4953.15
409.595
3657.12
1288.51
1333.2
5981.04
1943.98
1139.54
1914.18
9869.14
3508.15
1318.31
1184.23
1750.32
618.152
1392.79
394.698
1214.03
9973.42
2331.3
1020.37
930.987
5206.4
4506.25
3269.8
3061.25
1318.31
1839.7
1407.69
6308.77
3061.25
513.873
2659.03
6964.24
752.224
7098.31
4521.14
8558.21
6040.63
945.884
1109.75
3761.4
2614.34
1824.8
13459.3
1214.03
260.626
320.213
230.832
3105.94
4044.44
230.832
12505.9
618.152
1333.2
4118.93
5161.71
394.698
2227.02
2748.41
4089.13
215.935
2897.38
2703.72
5161.71
305.317
260.626
1497.07
320.213
4267.9
3955.06
513.873
3091.04
5489.44
2793.1
1199.13
1273.62
1228.93
1035.27
886.296
3910.37
856.502
1690.73
2271.71
1124.65
498.976
1258.72
230.832
2629.24
1526.86
1363
394.698
1556.66
543.667
5936.35
1005.47
1392.79
4774.39
3388.98
409.595
633.049
767.121
1050.16
767.121
4491.35
6398.16
5072.33
2271.71
633.049
4506.25
2510.06
1526.86
2048.26
5057.43
2331.3
5534.13
364.904
6696.09
230.832
498.976
1005.47
1020.37
4893.57
2852.69
1616.25
1452.38
230.832
1675.83
2748.41
573.461
4863.77
2524.96
737.327
320.213
4044.44
260.626
7157.9
2629.24
6919.55
2956.97
1214.03
215.935
677.739
2986.76
1571.55
573.461
1005.47
320.213
2569.65
856.502
3031.45
2599.44
2450.47
1631.14
305.317
1914.18
1958.87
1273.62
275.523
3210.22
3642.23
2107.84
305.317
3999.75
3612.43
290.42
1541.76
603.255
603.255
3016.56
647.946
2003.57
4997.85
1511.97
618.152
1705.63
424.492
1199.13
3329.39
1020.37
6130.01
2048.26
275.523
3120.83
3135.73
1809.91
856.502
5400.06
230.832
9183.88
2286.61
364.904
4223.21
1809.91
1541.76
2405.78
350.007
513.873
10897
3344.29
2092.95
5042.54
230.832
4491.35
767.121
2524.96
7545.22
4595.63
752.224
1899.29
1571.55
3746.5
916.09
2420.68
677.739
2212.12
2778.2
767.121
752.224
7187.69
424.492
1973.77
2390.88
409.595
752.224
5817.18
275.523
707.533
1958.87
364.904
916.09
1318.31
394.698
4997.85
8871.04
2405.78
1303.41
2420.68
3448.57
1437.48
335.11
662.843
1273.62
945.884
3806.09
290.42
1094.85
871.399
305.317
2152.53
10137.3
2361.09
2808
1511.97
796.915
1050.16
975.678
2033.36
3225.11
4059.34
2986.76
350.007
2063.15
4401.97
1720.52
3225.11
1482.17
2107.84
1586.45
3001.66
3225.11
394.698
5861.87
1586.45
528.77
290.42
484.08
424.492
1631.14
7113.21
1780.11
1616.25
5102.12
6934.44
6338.57
4118.93
1929.08
1854.6
320.213
2822.9
1363
5057.43
692.636
677.739
1526.86
350.007
1556.66
4223.21
1363
1422.59
4401.97
5265.99
260.626
498.976
1482.17
916.09
2942.07
409.595
3135.73
1333.2
960.781
364.904
856.502
2688.82
364.904
1795.01
5221.3
3210.22
2063.15
1392.79
409.595
12133.5
647.946
9273.26
3642.23
3165.52
7038.72
4267.9
1303.41
6115.11
4044.44
379.801
6815.27
2331.3
1050.16
1124.65
5683.1
826.709
1720.52
4804.19
1809.91
394.698
335.11
424.492
4357.28
484.08
2331.3
3210.22
3225.11
1556.66
1795.01
2495.16
2703.72
1050.16
2897.38
633.049
573.461
1214.03
2182.33
930.987
5012.74
767.121
409.595
1526.86
1065.06
1243.82
7202.59
3210.22
2793.1
6770.58
13131.6
3016.56
1631.14
409.595
2137.64
230.832
4342.38
1586.45
960.781
1422.59
305.317
1109.75
5668.21
1228.93
14800
930.987
1214.03
2450.47
1109.75
811.812
2733.51
811.812
7634.6
1765.21
3374.08
3761.4
5310.68
1482.17
4774.39
1973.77
2197.23
3478.36
424.492
3374.08
856.502
1437.48
3612.43
782.018
3120.83
930.987
9154.09
1571.55
2450.47
2808
2078.05
275.523
3195.32
1929.08
2584.54
901.193
6919.55
2137.64
960.781
1869.49
662.843
782.018
1318.31
4267.9
1303.41
3001.66
2614.34
677.739
1154.44
2063.15
1050.16
513.873
1750.32
4610.53
737.327
1199.13
2182.33
767.121
1422.59
618.152
3105.94
2778.2
1988.67
1318.31
3850.78
1899.29
767.121
2614.34
3448.57
3195.32
5981.04
2867.59
573.461
2241.92
1273.62
1035.27
6681.2
677.739
1556.66
2167.43
4208.31
230.832
335.11
3686.92
1631.14
3567.74
3135.73
1750.32
6710.99
3269.8
5325.58
1780.11
662.843
2584.54
2152.53
1139.54
990.575
2867.59
662.843
841.606
3105.94
4789.29
6472.64
3388.98
4148.72
1139.54
394.698
1482.17
1988.67
3493.26
1511.97
1333.2
2361.09
3180.42
1646.04
1050.16
379.801
618.152
1422.59
2629.24
3701.81
1616.25
3344.29
1020.37
409.595
4982.95
7306.87
3254.91
2227.02
3880.58
3686.92
350.007
767.121
1169.34
3105.94
3731.61
1422.59
960.781
5191.51
260.626
2361.09
3150.63
2956.97
2018.46
8781.66
1824.8
1809.91
2197.23
1407.69
1288.51
3091.04
3597.54
2480.27
811.812
811.812
2316.4
2465.37
513.873
350.007
2644.13
1243.82
9377.54
8632.69
1601.35
603.255
3180.42
2778.2
305.317
3448.57
2152.53
3612.43
2956.97
4491.35
1154.44
394.698
1452.38
945.884
945.884
2078.05
6115.11
14487.2
245.729
469.183
7887.85
4431.76
2659.03
5117.02
1988.67
2927.17
3091.04
230.832
603.255
498.976
215.935
1780.11
2271.71
796.915
647.946
7202.59
3046.35
1273.62
4357.28
4372.17
1824.8
379.801
439.389
856.502
1616.25
5593.72
2182.33
677.739
1303.41
1452.38
2524.96
484.08
677.739
960.781
1079.96
409.595
796.915
6442.85
1154.44
782.018
1169.34
871.399
662.843
8677.38
1124.65
1943.98
2033.36
379.801
5995.94
2390.88
901.193
543.667
3582.64
6666.3
5072.33
2480.27
3314.49
2256.81
1392.79
9139.19
8513.52
364.904
3269.8
10122.4
752.224
1139.54
5236.2
1809.91
662.843
1780.11
1675.83
2063.15
3180.42
2495.16
8036.82
215.935
588.358
1839.7
469.183
2227.02
528.77
2614.34
1631.14
305.317
1765.21
4431.76
573.461
811.812
4461.56
1258.72
1795.01
1407.69
1020.37
3642.23
647.946
990.575
4982.95
1214.03
3195.32
633.049
245.729
1079.96
1854.6
2182.33
454.286
3329.39
3388.98
5638.41
2182.33
1199.13
260.626
3806.09
2524.96
4908.46
409.595
6040.63
543.667
692.636
2554.75
394.698
1973.77
528.77
1377.89
2763.31
3195.32
2212.12
2227.02
886.296
8826.35
1139.54
439.389
2778.2
1541.76
2137.64
1526.86
2703.72
2882.48
3165.52
424.492
4387.07
2197.23
245.729
2867.59
3731.61
975.678
4506.25
3001.66
3135.73
3493.26
3537.95
811.812
2912.28
7649.5
13623.2
603.255
5861.87
1169.34
1526.86
2599.44
4118.93
3448.57
6845.06
1243.82
752.224
4357.28
6681.2
424.492
3091.04
484.08
7723.98
1541.76
2554.75
3001.66
6979.14
1288.51
5370.27
2539.85
975.678
1571.55
2614.34
4223.21
260.626
7277.07
841.606
2524.96
11120.5
930.987
6576.92
7664.39
1675.83
5355.37
1214.03
4074.24
782.018
364.904
1809.91
1392.79
1377.89
3433.67
409.595
1169.34
2152.53
1765.21
916.09
3597.54
1124.65
677.739
2152.53
1616.25
14740.4
960.781
9556.3
3761.4
2182.33
1154.44
2629.24
5355.37
439.389
1556.66
4401.97
752.224
588.358
588.358
1720.52
1765.21
3374.08
3567.74
1511.97
1199.13
484.08
364.904
2361.09
8275.17
782.018
4089.13
6666.3
305.317
3150.63
1079.96
10926.8
6413.05
1929.08
3523.05
573.461
4565.83
439.389
1795.01
2316.4
2048.26
767.121
10152.2
1422.59
1109.75
409.595
1318.31
4699.91
3195.32
886.296
2301.5
9481.82
2122.74
2405.78
990.575
5236.2
4521.14
4446.66
3240.01
364.904
826.709
364.904
2361.09
4327.48
1169.34
1958.87
469.183
1363
4997.85
1988.67
484.08
3344.29
3537.95
2554.75
1675.83
8275.17
1765.21
2256.81
2778.2
4446.66
9005.12
1079.96
1795.01
4550.94
3895.47
2852.69
1571.55
1169.34
2107.84
3686.92
945.884
2867.59
737.327
3448.57
1199.13
3061.25
1675.83
1884.39
3120.83
424.492
424.492
1288.51
3314.49
1065.06
975.678
1288.51
498.976
10375.6
2033.36
7813.36
2152.53
1914.18
1407.69
2703.72
1288.51
5727.79
8185.79
3895.47
5400.06
1363
2033.36
2539.85
1333.2
2644.13
1109.75
6770.58
3120.83
4208.31
6949.34
1660.94
811.812
1705.63
2718.62
1214.03
424.492
2316.4
2837.79
871.399
945.884
543.667
4982.95
2405.78
4982.95
4029.55
767.121
1467.28
2897.38
3091.04
2510.06
1109.75
350.007
4282.79
3225.11
10822.5
707.533
603.255
1139.54
4878.67
260.626
230.832
3552.84
394.698
1005.47
5906.56
662.843
3567.74
1839.7
513.873
841.606
2867.59
528.77
871.399
3701.81
11105.6
335.11
2375.99
6591.82
2227.02
2912.28
320.213
647.946
4416.87
2524.96
394.698
7664.39
4729.7
3984.86
9347.75
6889.75
618.152
230.832
4729.7
230.832
6547.12
2942.07
662.843
5757.59
1363
1318.31
2107.84
1020.37
5444.75
1452.38
1467.28
3403.88
1050.16
722.43
5057.43
1586.45
782.018
2793.1
2688.82
2852.69
1675.83
1467.28
454.286
5131.92
2867.59
7411.15
1467.28
1020.37
722.43
6413.05
1065.06
2241.92
856.502
7202.59
603.255
305.317
573.461
1988.67
275.523
1348.1
6979.14
2435.58
4089.13
1273.62
1035.27
290.42
2256.81
2092.95
2659.03
1109.75
841.606
14085
1809.91
930.987
647.946
275.523
677.739
1526.86
8528.41
4536.04
1854.6
394.698
5563.93
2822.9
1050.16
811.812
7575.01
945.884
2778.2
394.698
4238.1
841.606
1363
8960.43
2092.95
1660.94
1005.47
1735.42
1943.98
424.492
618.152
662.843
260.626
260.626
1437.48
1467.28
320.213
5265.99
3716.71
901.193
752.224
439.389
1586.45
1065.06
1303.41
1929.08
7858.05
707.533
2078.05
350.007
4223.21
1780.11
1228.93
677.739
1065.06
3031.45
7649.5
2971.86
990.575
6770.58
275.523
320.213
1884.39
6264.08
454.286
454.286
3359.18
692.636
1184.23
394.698
811.812
1646.04
2480.27
3105.94
305.317
3493.26
3999.75
2971.86
2048.26
4789.29
260.626
528.77
2316.4
3791.2
2748.41
1854.6
1348.1
10018.1
2092.95
901.193
4342.38
424.492
484.08
782.018
2882.48
1809.91
2361.09
2212.12
3001.66
13280.5
1571.55
916.09
2212.12
573.461
3761.4
990.575
2316.4
1169.34
1452.38
1824.8
364.904
3448.57
2361.09
692.636
1646.04
886.296
8811.46
3508.15
543.667
7143
2465.37
5206.4
3388.98
5549.03
2778.2
1690.73
1571.55
856.502
5712.9
245.729
454.286
3254.91
2152.53
215.935
677.739
4580.73
424.492
1228.93
3359.18
6159.8
5265.99
1660.94
394.698
2539.85
2018.46
3627.33
1869.49
707.533
4729.7
4938.26
1228.93
2167.43
1616.25
1407.69
1392.79
603.255
10554.4
782.018
1899.29
4253
662.843
2256.81
1511.97
260.626
1199.13
4089.13
12550.6
2837.79
2495.16
1497.07
4178.51
5310.68
2107.84
2450.47
2629.24
3135.73
5310.68
2673.93
752.224
2197.23
275.523
6785.48
2092.95
1884.39
5817.18
767.121
4789.29
260.626
3240.01
5504.34
3031.45
10137.3
1139.54
3508.15
1586.45
1943.98
1363
1348.1
1958.87
2167.43
260.626
5981.04
5161.71
901.193
603.255
662.843
1407.69
603.255
3791.2
2510.06
1392.79
290.42
513.873
3225.11
2748.41
2122.74
2569.65
1288.51
1631.14
3284.7
513.873
722.43
3210.22
4550.94
1377.89
2524.96
2182.33
1467.28
1139.54
2361.09
305.317
215.935
3523.05
990.575
7411.15
5310.68
2971.86
677.739
796.915
3061.25
1452.38
7440.94
1184.23
886.296
2390.88
2420.68
588.358
4148.72
1541.76
2063.15
1184.23
2882.48
796.915
960.781
1511.97
4104.03
3493.26
767.121
1020.37
1005.47
737.327
14397.8
692.636
2450.47
335.11
752.224
2629.24
2942.07
7589.91
1184.23
3835.89
2107.84
588.358
1541.76
1050.16
6413.05
7843.16
1720.52
6055.53
3001.66
5221.3
3493.26
618.152
1616.25
1214.03
1526.86
7530.32
692.636
305.317
2420.68
469.183
2346.19
633.049
2956.97
2390.88
796.915
960.781
1914.18
1511.97
1943.98
14695.7
305.317
2375.99
767.121
4804.19
2346.19
3418.77
1333.2
439.389
901.193
1780.11
3493.26
5474.55
290.42
3925.27
3180.42
2197.23
4431.76
3076.14
1988.67
1184.23
513.873
2122.74
886.296
707.533
290.42
2510.06
2137.64
1601.35
6174.7
2286.61
2852.69
275.523
10688.5
2569.65
4163.62
2584.54
4416.87
2629.24
2718.62
4148.72
2867.59
11999.4
1109.75
2629.24
7381.35
1616.25
782.018
4029.55
7813.36
3329.39
1363
1750.32
603.255
1288.51
7247.28
364.904
9034.91
2986.76
1467.28
8602.9
9377.54
8260.27
9064.7
2212.12
5072.33
796.915
811.812
4431.76
3612.43
1407.69
3269.8
1422.59
5280.89
3418.77
3597.54
528.77
4208.31
498.976
2018.46
3731.61
5057.43
3984.86
2539.85
5042.54
2018.46
1780.11
737.327
394.698
6919.55
1094.85
7485.63
484.08
2584.54
618.152
573.461
3150.63
484.08
4089.13
2003.57
10271.4
5236.2
3582.64
11865.3
4416.87
5742.69
3046.35
2033.36
2018.46
394.698
498.976
350.007
1139.54
424.492
4670.11
2539.85
2986.76
4819.08
14010.5
1973.77
3597.54
796.915
3374.08
2480.27
6517.33
364.904
454.286
5623.52
290.42
3582.64
1973.77
2197.23
2316.4
677.739
528.77
3463.46
3776.3
3195.32
7053.62
4997.85
1258.72
573.461
1333.2
1988.67
1050.16
4014.65
3508.15
10077.7
2554.75
528.77
960.781
2584.54
335.11
498.976
2554.75
1079.96
1720.52
11195
3180.42
275.523
4089.13
2450.47
1407.69
1005.47
379.801
603.255
320.213
677.739
603.255
1377.89
4923.36
2167.43
3478.36
2733.51
4774.39
2763.31
930.987
5668.21
2256.81
3299.6
1497.07
2003.57
558.564
1795.01
2822.9
4416.87
930.987
1914.18
1407.69
7277.07
4953.15
5846.97
1154.44
588.358
2390.88
707.533
901.193
2361.09
394.698
1452.38
2107.84
1854.6
3925.27
1958.87
7411.15
573.461
2599.44
796.915
2271.71
2361.09
5355.37
1735.42
350.007
2197.23
4029.55
3523.05
2078.05
782.018
2942.07
5355.37
394.698
4014.65
10330.9
498.976
2286.61
1780.11
1586.45
4536.04
782.018
8230.48
13995.6
1541.76
11478
4699.91
2331.3
6904.65
364.904
2182.33
4312.59
1169.34
692.636
350.007
3105.94
2808
826.709
618.152
796.915
1109.75
1467.28
841.606
3984.86
886.296
275.523
3105.94
1318.31
3240.01
4997.85
4074.24
11790.8
3195.32
245.729
4059.34
1228.93
4133.82
4372.17
498.976
3716.71
1050.16
3061.25
901.193
2003.57
2271.71
2659.03
1646.04
513.873
5221.3
3716.71
7887.85
350.007
4074.24
5534.13
1497.07
3508.15
3150.63
2510.06
439.389
2495.16
2882.48
1601.35
1750.32
677.739
9556.3
2897.38
3091.04
886.296
409.595
320.213
215.935
1363
1616.25
394.698
1958.87
1884.39
6770.58
2212.12
1243.82
513.873
752.224
1139.54
2435.58
1363
379.801
1467.28
7157.9
409.595
1601.35
960.781
4819.08
3686.92
2048.26
3850.78
2018.46
4953.15
454.286
1795.01
2197.23
498.976
2897.38
1035.27
3642.23
2122.74
930.987
4357.28
3344.29
6115.11
8036.82
2569.65
588.358
3612.43
1288.51
1616.25
1154.44
379.801
1571.55
1273.62
1288.51
4044.44
886.296
2182.33
4878.67
2033.36
1139.54
6472.64
2092.95
215.935
1258.72
3150.63
3686.92
2912.28
3478.36
3180.42
1333.2
2316.4
4282.79
3969.96
1169.34
290.42
871.399
335.11
2033.36
6815.27
513.873
945.884
2510.06
2450.47
1228.93
2539.85
498.976
3776.3
2375.99
8066.61
5489.44
5236.2
1437.48
469.183
320.213
3761.4
2078.05
364.904
2182.33
2152.53
2003.57
618.152
409.595
5817.18
930.987
4357.28
945.884
990.575
260.626
1929.08
2316.4
1139.54
1497.07
1780.11
1184.23
5206.4
439.389
3895.47
2137.64
2614.34
588.358
484.08
2286.61
6889.75
871.399
1988.67
2510.06
1303.41
1407.69
916.09
1616.25
1571.55
1541.76
6085.32
841.606
2927.17
1854.6
1288.51
2107.84
6457.74
856.502
454.286
513.873
826.709
2629.24
603.255
4223.21
1124.65
3150.63
4387.07
7128.1
3686.92
767.121
2405.78
1526.86
2554.75
2361.09
1094.85
1363
2510.06
335.11
4625.42
782.018
350.007
1795.01
3240.01
3984.86
245.729
454.286
4819.08
1392.79
1273.62
945.884
737.327
826.709
1884.39
4982.95
886.296
4536.04
3746.5
2420.68
2212.12
513.873
2614.34
1541.76
647.946
4163.62
916.09
3627.33
543.667
1839.7
1079.96
305.317
364.904
1035.27
230.832
1094.85
4461.56
3150.63
2167.43
6204.5
2569.65
3344.29
4997.85
1556.66
2659.03
260.626
4461.56
1288.51
841.606
3195.32
424.492
543.667
2182.33
2375.99
1660.94
3523.05
1601.35
5593.72
3969.96
2659.03
692.636
1660.94
722.43
305.317
856.502
3091.04
2346.19
1228.93
10003.2
4744.6
3850.78
9958.52
1318.31
2063.15
215.935
3284.7
2152.53
1973.77
230.832
2912.28
692.636
6487.54
1214.03
14174.3
2420.68
960.781
4178.51
7291.97
364.904
1869.49
901.193
558.564
3508.15
1228.93
722.43
9005.12
1273.62
707.533
1333.2
9764.86
3448.57
2614.34
960.781
2390.88
6591.82
2256.81
796.915
2346.19
2599.44
2867.59
737.327
14159.4
3046.35
588.358
2197.23
2375.99
215.935
1631.14
7381.35
618.152
4833.98
1824.8
3180.42
275.523
1631.14
5385.17
990.575
930.987
1646.04
1452.38
484.08
5683.1
7887.85
1511.97
975.678
3627.33
796.915
1169.34
4014.65
1392.79
6293.88
7977.23
4729.7
3523.05
230.832
2778.2
901.193
1869.49
960.781
1780.11
3493.26
305.317
2673.93
1720.52
1720.52
335.11
1422.59
484.08
2375.99
2718.62
1780.11
558.564
692.636
3448.57
3523.05
1839.7
930.987
1765.21
424.492
3120.83
2539.85
1258.72
588.358
186.141
2659.03
3835.89
2718.62
2227.02
1735.42
573.461
543.667
5534.13
260.626
498.976
439.389
1765.21
454.286
498.976
2375.99
290.42
543.667
1288.51
1184.23
275.523
5102.12
1601.35
1377.89
1363
5995.94
230.832
752.224
1929.08
5638.41
2182.33
1169.34
1646.04
1154.44
9735.07
4014.65
5221.3
930.987
901.193
2227.02
2599.44
1154.44
1690.73
1973.77
2450.47
796.915
4878.67
1124.65
2107.84
707.533
2390.88
5042.54
1437.48
3478.36
2435.58
3403.88
543.667
5429.86
4640.32
5042.54
3567.74
484.08
8781.66
1809.91
945.884
3150.63
856.502
3999.75
1109.75
4118.93
3091.04
1809.91
1437.48
737.327
528.77
290.42
960.781
1675.83
2078.05
1646.04
2465.37
3523.05
633.049
305.317
4893.57
7068.52
5638.41
275.523
2271.71
1273.62
513.873
5385.17
767.121
215.935
2703.72
677.739
2822.9
1497.07
4059.34
2629.24
2197.23
2927.17
1467.28
767.121
230.832
2435.58
1258.72
2450.47
528.77
5489.44
1273.62
722.43
1377.89
2480.27
1243.82
2763.31
3195.32
2793.1
752.224
379.801
573.461
2867.59
335.11
2390.88
856.502
2167.43
4446.66
2986.76
1452.38
3001.66
707.533
647.946
1243.82
2271.71
2703.72
7068.52
633.049
8260.27
2644.13
2137.64
260.626
3761.4
3046.35
960.781
484.08
3791.2
3835.89
1288.51
13742.3
796.915
1303.41
1318.31
513.873
1318.31
1705.63
916.09
10643.8
647.946
1228.93
260.626
9675.48
8468.83
4342.38
2510.06
4729.7
811.812
5712.9
230.832
662.843
5012.74
811.812
8811.46
811.812
1869.49
4163.62
2644.13
1094.85
2882.48
4521.14
1065.06
4550.94
6710.99
1407.69
3955.06
543.667
1363
856.502
1705.63
4401.97
3627.33
3478.36
379.801
4625.42
320.213
2361.09
2718.62
275.523
8617.8
2256.81
3284.7
394.698
215.935
7500.53
2405.78
4819.08
260.626
3701.81
886.296
826.709
6338.57
2450.47
2763.31
5698
1214.03
588.358
2212.12
707.533
5951.25
3955.06
4267.9
245.729
2688.82
4312.59
9898.93
4580.73
1094.85
5280.89
1556.66
2495.16
5995.94
1348.1
2480.27
8290.06
543.667
2524.96
7694.19
439.389
9526.51
1988.67
707.533
2435.58
2673.93
3478.36
1556.66
2554.75
4789.29
1899.29
10494.8
4833.98
1601.35
737.327
1601.35
4104.03
3820.99
1124.65
3448.57
2808
215.935
1273.62
960.781
4327.48
7589.91
1869.49
528.77
4446.66
215.935
4163.62
677.739
4804.19
3105.94
5727.79
2197.23
1929.08
1079.96
1333.2
3865.68
2599.44
350.007
7470.73
469.183
2524.96
3984.86
1869.49
1109.75
364.904
1288.51
1467.28
692.636
2450.47
3091.04
1109.75
4104.03
4014.65
543.667
498.976
2703.72
2003.57
618.152
1869.49
3195.32
1020.37
1556.66
1228.93
2733.51
439.389
13086.9
2227.02
4089.13
1020.37
1437.48
1929.08
1914.18
1422.59
1392.79
2033.36
454.286
3314.49
424.492
275.523
558.564
1094.85
647.946
528.77
2182.33
618.152
1333.2
3567.74
3984.86
513.873
3418.77
454.286
677.739
2092.95
2763.31
5087.23
6442.85
647.946
722.43
945.884
2137.64
1020.37
2048.26
796.915
1154.44
513.873
2852.69
2301.5
245.729
603.255
2912.28
11254.6
5966.15
4044.44
424.492
290.42
2465.37
707.533
975.678
230.832
618.152
1214.03
2152.53
1795.01
3940.16
4357.28
2018.46
3582.64
3076.14
3895.47
2942.07
513.873
901.193
2197.23
260.626
2465.37
4670.11
424.492
1690.73
2569.65
5504.34
1422.59
379.801
901.193
1780.11
1437.48
3418.77
782.018
3582.64
2316.4
886.296
335.11
3508.15
2033.36
320.213
4267.9
1914.18
4416.87
4387.07
5265.99
290.42
1094.85
871.399
2510.06
841.606
1035.27
1586.45
6055.53
1005.47
350.007
3850.78
782.018
5400.06
2927.17
1988.67
1705.63
2942.07
1526.86
4774.39
2569.65
350.007
662.843
3597.54
662.843
5995.94
1556.66
1214.03
603.255
945.884
2599.44
5593.72
1705.63
6979.14
3418.77
3374.08
930.987
2405.78
7887.85
856.502
4536.04
1184.23
275.523
290.42
1005.47
3284.7
2405.78
1973.77
2301.5
3523.05
1228.93
1348.1
7589.91
3388.98
439.389
2301.5
2107.84
409.595
5251.09
6770.58
2718.62
1690.73
320.213
2882.48
633.049
1929.08
2778.2
3001.66
3597.54
4506.25
945.884
498.976
1214.03
305.317
647.946
3091.04
975.678
4014.65
1079.96
305.317
2867.59
1735.42
975.678
1780.11
3225.11
5117.02
3031.45
677.739
3955.06
707.533
320.213
364.904
1288.51
6710.99
7247.28
930.987
3820.99
1258.72
4833.98
1839.7
260.626
5265.99
856.502
1452.38
3478.36
11388.6
245.729
2048.26
2212.12
3403.88
1631.14
2137.64
7947.43
484.08
3269.8
320.213
7172.8
5251.09
1943.98
1109.75
752.224
4327.48
484.08
3314.49
7843.16
1526.86
379.801
1854.6
230.832
4476.45
7306.87
350.007
1780.11
6368.36
1675.83
618.152
6949.34
8736.97
5906.56
945.884
2718.62
1199.13
707.533
752.224
960.781
5385.17
528.77
320.213
7262.18
1631.14
2524.96
245.729
975.678
1377.89
1824.8
4446.66
394.698
2227.02
4178.51
990.575
1214.03
4819.08
6234.29
10435.2
3240.01
2107.84
1363
1199.13
558.564
603.255
5027.64
484.08
6666.3
4550.94
1139.54
1616.25
484.08
1854.6
1467.28
1690.73
3701.81
960.781
1795.01
1616.25
2286.61
1601.35
1958.87
2018.46
1467.28
677.739
2629.24
394.698
2837.79
1228.93
4193.41
2420.68
4357.28
1452.38
2793.1
1214.03
8230.48
692.636
960.781
424.492
543.667
2971.86
2048.26
6725.89
3061.25
4133.82
3344.29
1958.87
1020.37
2182.33
2822.9
1288.51
3552.84
1988.67
1005.47
1541.76
9556.3
4610.53
737.327
707.533
2405.78
3046.35
3314.49
618.152
1541.76
826.709
2137.64
677.739
8483.72
3508.15
1869.49
1243.82
6517.33
245.729
1050.16
4863.77
767.121
1318.31
975.678
2659.03
379.801
2003.57
4416.87
2301.5
1094.85
2897.38
230.832
1258.72
1914.18
1690.73
9869.14
722.43
5370.27
2524.96
245.729
647.946
1735.42
3612.43
4774.39
2510.06
528.77
424.492
484.08
484.08
275.523
6055.53
469.183
439.389
5236.2
558.564
290.42
7053.62
4640.32
4595.63
3865.68
215.935
1407.69
320.213
6636.51
662.843
2569.65
2673.93
3597.54
1333.2
5251.09
1407.69
230.832
1616.25
975.678
1929.08
603.255
2778.2
379.801
4446.66
8215.58
2078.05
1363
1809.91
3969.96
2703.72
2912.28
1214.03
1228.93
201.038
454.286
2927.17
4089.13
1467.28
4968.05
5608.62
2584.54
1541.76
1809.91
1616.25
3820.99
4387.07
3001.66
4461.56
1228.93
2524.96
230.832
1065.06
3061.25
588.358
1541.76
722.43
3180.42
1720.52
394.698
305.317
2435.58
1333.2
454.286
2033.36
4655.22
9213.67
1020.37
394.698
4833.98
2256.81
7098.31
2048.26
3359.18
1199.13
3925.27
2361.09
9600.99
1511.97
2152.53
3418.77
1124.65
603.255
930.987
1601.35
4953.15
1914.18
364.904
603.255
6442.85
945.884
945.884
1929.08
1467.28
826.709
2346.19
498.976
275.523
1050.16
3493.26
2092.95
4014.65
2301.5
454.286
11597.2
737.327
1452.38
1109.75
3329.39
945.884
3031.45
916.09
1988.67
6934.44
4163.62
1169.34
4968.05
6472.64
5683.1
2733.51
826.709
1616.25
3478.36
677.739
6666.3
1809.91
2241.92
3552.84
1482.17
1869.49
12386.7
707.533
1407.69
930.987
3299.6
9124.29
1407.69
2152.53
2390.88
7843.16
3776.3
424.492
230.832
1020.37
7262.18
7053.62
5832.07
394.698
1780.11
1422.59
2688.82
4968.05
3761.4
3999.75
424.492
335.11
484.08
2122.74
5295.78
1899.29
4893.57
1377.89
3120.83
12952.8
6413.05
1392.79
588.358
7679.29
3135.73
2331.3
2197.23
1467.28
1333.2
528.77
5593.72
1303.41
1958.87
945.884
3388.98
633.049
3001.66
7947.43
439.389
2286.61
3567.74
6115.11
10047.9
2808
8141.09
1214.03
1079.96
543.667
662.843
3493.26
737.327
1914.18
454.286
796.915
1586.45
2346.19
2912.28
1094.85
856.502
2033.36
1005.47
1065.06
2241.92
1169.34
1765.21
1586.45
2331.3
1109.75
2390.88
2569.65
1437.48
2048.26
3254.91
2986.76
945.884
4521.14
826.709
394.698
1392.79
1720.52
4208.31
2524.96
1169.34
1675.83
2659.03
5429.86
379.801
1139.54
901.193
2018.46
1586.45
1154.44
215.935
9749.96
7679.29
260.626
4029.55
2733.51
1363
1228.93
2375.99
6249.19
2405.78
5906.56
1035.27
3880.58
6249.19
7500.53
424.492
201.038
1437.48
2137.64
2539.85
856.502
350.007
3150.63
826.709
2778.2
4953.15
409.595
2420.68
2167.43
618.152
4059.34
4819.08
975.678
186.141
260.626
5400.06
1079.96
1467.28
4491.35
3701.81
841.606
498.976
2390.88
3597.54
752.224
1869.49
7306.87
2390.88
364.904
4819.08
3150.63
1258.72
2286.61
2286.61
2793.1
4446.66
2510.06
1214.03
3016.56
2956.97
1065.06
841.606
841.606
901.193
558.564
737.327
3493.26
2003.57
1720.52
2420.68
2033.36
290.42
2584.54
1720.52
2584.54
3672.02
901.193
3984.86
3031.45
3046.35
4759.49
930.987
260.626
3210.22
3642.23
1884.39
469.183
8021.92
2510.06
1228.93
990.575
12342
2152.53
1154.44
6040.63
1839.7
3940.16
5027.64
1348.1
469.183
3165.52
2361.09
692.636
1273.62
439.389
409.595
960.781
960.781
498.976
901.193
4238.1
1809.91
1050.16
5131.92
871.399
528.77
9422.23
1079.96
3493.26
5385.17
2182.33
201.038
901.193
886.296
3180.42
2063.15
543.667
2584.54
543.667
3374.08
1660.94
3135.73
1571.55
2897.38
528.77
498.976
4521.14
2703.72
5340.47
3969.96
1407.69
1303.41
2718.62
796.915
4372.17
1690.73
6010.84
1452.38
990.575
1511.97
4610.53
4327.48
1660.94
7813.36
6189.6
558.564
1333.2
1184.23
7947.43
8662.49
1363
4208.31
4655.22
2897.38
1660.94
6055.53
230.832
603.255
1601.35
543.667
1556.66
1511.97
6949.34
1050.16
796.915
1065.06
6874.86
4238.1
2673.93
2539.85
1646.04
7083.41
1675.83
3925.27
409.595
3076.14
4446.66
633.049
7157.9
2122.74
320.213
1139.54
2748.41
603.255
2331.3
2405.78
2867.59
3672.02
4208.31
1169.34
1780.11
5370.27
1124.65
3478.36
588.358
6323.67
1646.04
3374.08
186.141
335.11
707.533
1884.39
4610.53
3642.23
409.595
1854.6
3478.36
5400.06
2256.81
3046.35
3835.89
1929.08
275.523
8439.03
841.606
8170.89
5593.72
558.564
826.709
3731.61
4491.35
1139.54
290.42
2793.1
901.193
7068.52
3225.11
1795.01
2897.38
1556.66
2510.06
454.286
1646.04
1765.21
1899.29
2241.92
215.935
3523.05
1214.03
1720.52
1333.2
320.213
2390.88
230.832
4774.39
2435.58
1929.08
573.461
782.018
3806.09
7872.95
1348.1
3031.45
3031.45
424.492
1422.59
3582.64
573.461
290.42
7172.8
4104.03
2673.93
5325.58
350.007
2495.16
558.564
4312.59
1467.28
10226.7
364.904
7753.78
11358.8
245.729
1050.16
6130.01
1437.48
484.08
4387.07
3299.6
469.183
6174.7
1541.76
2197.23
618.152
1958.87
8051.71
1705.63
6904.65
990.575
4878.67
1184.23
4878.67
2092.95
10777.8
4074.24
3523.05
1839.7
3806.09
2375.99
2122.74
3314.49
10375.6
901.193
856.502
6576.92
2897.38
2063.15
1318.31
498.976
1139.54
1407.69
320.213
290.42
1214.03
3135.73
1556.66
8707.18
439.389
796.915
4863.77
5280.89
3463.46
1929.08
2390.88
1377.89
12520.8
782.018
1273.62
796.915
1050.16
2286.61
5712.9
975.678
737.327
1973.77
1929.08
4610.53
1735.42
543.667
1199.13
6710.99
990.575
1437.48
4014.65
633.049
2301.5
3061.25
484.08
7947.43
4104.03
6576.92
379.801
3701.81
588.358
618.152
424.492
1050.16
3567.74
2137.64
1526.86
7157.9
3746.5
603.255
1660.94
901.193
662.843
1526.86
2480.27
1556.66
4595.63
2822.9
8707.18
1422.59
2107.84
1720.52
2763.31
8960.43
3105.94
484.08
2465.37
3791.2
6770.58
1899.29
2241.92
4431.76
1184.23
1273.62
484.08
7113.21
1705.63
1392.79
3716.71
2271.71
8290.06
1109.75
975.678
677.739
1273.62
5161.71
1348.1
4372.17
573.461
2956.97
1929.08
335.11
5772.49
1363
1526.86
215.935
1392.79
2375.99
603.255
603.255
335.11
5906.56
5995.94
1422.59
305.317
454.286
1556.66
4729.7
215.935
528.77
1228.93
796.915
2480.27
1586.45
2018.46
5802.28
379.801
975.678
3001.66
7053.62
901.193
469.183
13429.5
1839.7
1929.08
2793.1
409.595
1363
230.832
677.739
4848.88
469.183
1839.7
3791.2
1318.31
886.296
1735.42
5087.23
3314.49
5668.21
1526.86
1795.01
5534.13
707.533
796.915
8766.77
379.801
2837.79
6353.46
2971.86
2808
5608.62
3240.01
3820.99
1616.25
4968.05
1690.73
1079.96
230.832
2167.43
3835.89
930.987
4953.15
1214.03
1705.63
6740.78
1079.96
811.812
1079.96
1363
916.09
1765.21
3701.81
722.43
3880.58
1109.75
1303.41
2808
1392.79
3299.6
722.43
2599.44
1407.69
2152.53
1318.31
1288.51
1452.38
498.976
4372.17
3403.88
3925.27
409.595
5340.47
662.843
1094.85
3344.29
3359.18
4401.97
1079.96
275.523
3552.84
469.183
1511.97
1184.23
2063.15
543.667
6353.46
2286.61
7083.41
305.317
1452.38
1556.66
9228.57
3969.96
990.575
275.523
4580.73
3686.92
2078.05
886.296
3314.49
215.935
1392.79
1020.37
930.987
1005.47
2450.47
498.976
2241.92
3567.74
528.77
1363
1154.44
2167.43
1556.66
752.224
811.812
1795.01
2882.48
4074.24
916.09
4253
3076.14
1497.07
1184.23
2331.3
1601.35
1124.65
469.183
811.812
1914.18
5191.51
6949.34
2301.5
3329.39
275.523
5981.04
1363
1035.27
528.77
8588
1482.17
2286.61
1124.65
677.739
1079.96
6532.23
14561.7
811.812
916.09
901.193
8290.06
7143
2048.26
2629.24
3493.26
4416.87
305.317
469.183
856.502
1541.76
2688.82
3761.4
3195.32
2912.28
1705.63
439.389
2331.3
3016.56
4297.69
1482.17
1020.37
3969.96
1124.65
4163.62
1914.18
2852.69
692.636
4238.1
1228.93
3791.2
1109.75
2495.16
2212.12
2003.57
2137.64
1348.1
1363
1348.1
1601.35
2137.64
618.152
2227.02
2241.92
245.729
4893.57
796.915
1005.47
1586.45
4461.56
647.946
3076.14
916.09
2286.61
2390.88
737.327
1422.59
7798.47
901.193
424.492
3388.98
1899.29
1124.65
6144.91
4863.77
2256.81
1228.93
2778.2
1511.97
1675.83
2435.58
5817.18
618.152
2495.16
3567.74
1556.66
1318.31
1497.07
14531.9
2718.62
1363
633.049
230.832
3061.25
528.77
2465.37
2912.28
1750.32
722.43
2465.37
454.286
379.801
1795.01
379.801
7277.07
588.358
1392.79
1065.06
3820.99
6785.48
1035.27
7485.63
1243.82
2927.17
1303.41
1184.23
1348.1
1943.98
1154.44
13280.5
1988.67
871.399
5608.62
409.595
2912.28
4446.66
10792.7
484.08
2569.65
4461.56
1139.54
1035.27
945.884
4089.13
2212.12
2971.86
364.904
1392.79
1228.93
2271.71
3254.91
3001.66
1065.06
4536.04
3001.66
2137.64
2644.13
7515.42
8573.11
4193.41
3165.52
1139.54
2912.28
5638.41
752.224
647.946
13310.3
245.729
2956.97
2793.1
424.492
305.317
1303.41
826.709
2733.51
722.43
335.11
320.213
1139.54
439.389
3374.08
1109.75
1511.97
3791.2
2316.4
1094.85
633.049
722.43
2539.85
1109.75
2346.19
2882.48
2539.85
260.626
409.595
2614.34
2644.13
3433.67
1228.93
1571.55
10524.6
707.533
2420.68
1184.23
513.873
1482.17
4938.26
1541.76
1109.75
7858.05
901.193
1735.42
1363
5668.21
5117.02
707.533
2718.62
1854.6
1228.93
588.358
4923.36
5981.04
6547.12
2092.95
1273.62
4267.9
2510.06
4938.26
469.183
2718.62
10077.7
14665.9
201.038
3165.52
603.255
975.678
3955.06
7277.07
1228.93
2465.37
2867.59
975.678
5012.74
1377.89
573.461
1988.67
4357.28
4923.36
4595.63
1035.27
4401.97
3225.11
5191.51
5251.09
3418.77
2137.64
2748.41
1482.17
424.492
528.77
3716.71
6308.77
2688.82
1452.38
2286.61
871.399
6457.74
603.255
2971.86
4893.57
454.286
320.213
4521.14
1139.54
3180.42
3165.52
1884.39
916.09
4565.83
3746.5
305.317
3314.49
1288.51
350.007
335.11
3642.23
4655.22
5757.59
782.018
3299.6
3701.81
603.255
618.152
5593.72
4506.25
3910.37
5236.2
6308.77
2510.06
1631.14
1318.31
245.729
1497.07
1482.17
6174.7
1571.55
2599.44
439.389
3031.45
662.843
2152.53
2539.85
588.358
4714.8
260.626
5280.89
290.42
2107.84
662.843
2107.84
1571.55
2167.43
5206.4
409.595
1914.18
4118.93
2256.81
1214.03
1139.54
871.399
2584.54
3523.05
305.317
2018.46
1780.11
5891.66
2584.54
692.636
3329.39
1690.73
4014.65
3701.81
767.121
2197.23
3240.01
1646.04
603.255
737.327
1541.76
2510.06
424.492
201.038
3016.56
3284.7
409.595
856.502
1660.94
3374.08
1660.94
379.801
1050.16
1139.54
245.729
5370.27
990.575
1556.66
811.812
3835.89
722.43
2584.54
2659.03
1124.65
12982.6
513.873
1780.11
3642.23
558.564
618.152
364.904
2241.92
3806.09
8528.41
1094.85
2241.92
3493.26
1214.03
5846.97
5712.9
930.987
1482.17
856.502
886.296
2078.05
7709.08
8856.15
543.667
1377.89
2048.26
1660.94
335.11
3865.68
8915.73
662.843
3612.43
2018.46
2197.23
4491.35
6830.17
1258.72
260.626
1333.2
796.915
647.946
871.399
290.42
6353.46
290.42
1139.54
1526.86
2197.23
5921.45
1511.97
722.43
3820.99
782.018
4238.1
2048.26
1809.91
573.461
2927.17
5653.31
4297.69
1943.98
975.678
350.007
1228.93
6532.23
1109.75
4104.03
1780.11
826.709
2286.61
2897.38
6204.5
2167.43
901.193
2271.71
230.832
6681.2
3850.78
588.358
8260.27
454.286
1824.8
498.976
4178.51
841.606
796.915
6636.51
5504.34
8617.8
13012.4
245.729
930.987
603.255
930.987
2107.84
2063.15
752.224
2167.43
990.575
6442.85
2733.51
1258.72
1035.27
1690.73
1646.04
439.389
1035.27
260.626
1199.13
3344.29
1035.27
2137.64
2942.07
5400.06
1988.67
4923.36
2122.74
498.976
5981.04
6398.16
2524.96
4953.15
1735.42
3880.58
4104.03
1422.59
4148.72
6919.55
856.502
5236.2
305.317
2644.13
3344.29
2495.16
5638.41
3001.66
2316.4
2331.3
8155.99
484.08
2420.68
5146.81
1318.31
573.461
528.77
4833.98
3686.92
1348.1
4208.31
2703.72
1050.16
3910.37
2107.84
2912.28
1303.41
484.08
1511.97
3940.16
707.533
1795.01
6144.91
126.554
260.626
1065.06
2182.33
3523.05
305.317
2375.99
469.183
5236.2
856.502
4193.41
1497.07
633.049
3806.09
4416.87
1690.73
5549.03
2524.96
2897.38
454.286
2078.05
3820.99
1675.83
2092.95
1407.69
3969.96
2375.99
1124.65
5921.45
2956.97
1511.97
230.832
1780.11
1943.98
3835.89
3612.43
886.296
2375.99
2599.44
5385.17
1765.21
1973.77
3657.12
633.049
3299.6
2495.16
6785.48
1079.96
3642.23
1854.6
424.492
3448.57
2718.62
3269.8
1690.73
1407.69
215.935
767.121
3150.63
2480.27
2688.82
886.296
10971.5
3210.22
4580.73
6740.78
1065.06
5876.76
2063.15
647.946
5846.97
7068.52
752.224
543.667
7992.13
2986.76
1020.37
930.987
990.575
2212.12
633.049
335.11
1854.6
3388.98
3597.54
1258.72
1214.03
1079.96
1005.47
1169.34
5608.62
3091.04
618.152
2703.72
2822.9
320.213
3865.68
1705.63
1958.87
2346.19
2003.57
335.11
916.09
558.564
1303.41
662.843
975.678
3776.3
7232.38
1601.35
2569.65
692.636
1065.06
603.255
3091.04
1214.03
1482.17
335.11
3269.8
2480.27
1854.6
1184.23
230.832
7023.83
2450.47
290.42
2927.17
1065.06
2018.46
1243.82
13533.8
3165.52
4506.25
7396.25
945.884
767.121
1750.32
930.987
4431.76
5519.24
5414.96
305.317
409.595
1094.85
3165.52
3895.47
1318.31
1094.85
2659.03
3403.88
752.224
543.667
2256.81
230.832
305.317
1050.16
1765.21
2956.97
916.09
245.729
379.801
1228.93
3493.26
1899.29
1884.39
1929.08
1214.03
1988.67
1079.96
4297.69
11880.2
2227.02
305.317
4774.39
5370.27
3791.2
2048.26
4714.8
3091.04
647.946
275.523
379.801
1556.66
3582.64
737.327
6994.03
1333.2
1973.77
752.224
439.389
2286.61
1318.31
1094.85
5921.45
3880.58
4282.79
6845.06
2629.24
3493.26
543.667
2763.31
1899.29
1333.2
1765.21
692.636
4416.87
394.698
5280.89
1780.11
1139.54
8051.71
588.358
3478.36
12937.9
543.667
7575.01
841.606
1526.86
275.523
1482.17
3850.78
930.987
290.42
230.832
3135.73
647.946
2480.27
588.358
1616.25
1377.89
2912.28
2465.37
2286.61
5265.99
543.667
4476.45
841.606
618.152
3150.63
2420.68
469.183
1884.39
290.42
2435.58
1497.07
2331.3
856.502
4416.87
290.42
2852.69
3031.45
1958.87
3195.32
3493.26
3120.83
498.976
1899.29
1273.62
960.781
2822.9
7143
1005.47
1169.34
1243.82
424.492
543.667
3254.91
1437.48
647.946
737.327
3403.88
245.729
662.843
2673.93
543.667
364.904
2897.38
990.575
1139.54
320.213
2137.64
588.358
1273.62
1422.59
1184.23
1497.07
2599.44
573.461
290.42
4536.04
752.224
350.007
2808
1109.75
1467.28
1050.16
1631.14
7977.23
677.739
3776.3
662.843
215.935
6457.74
2510.06
4044.44
1809.91
335.11
1363
1258.72
6383.26
335.11
1124.65
9779.76
4580.73
394.698
1675.83
1884.39
4357.28
10092.6
2897.38
2986.76
1422.59
707.533
2361.09
4104.03
3701.81
3657.12
662.843
5057.43
1795.01
1943.98
871.399
1422.59
916.09
2316.4
8081.51
558.564
305.317
916.09
469.183
1929.08
3642.23
2465.37
2524.96
1690.73
1422.59
230.832
230.832
3925.27
3642.23
1958.87
1973.77
633.049
3016.56
3820.99
3314.49
1809.91
7604.81
2822.9
7470.73
782.018
2629.24
3418.77
4372.17
305.317
1541.76
7753.78
1675.83
722.43
1482.17
767.121
677.739
1214.03
1199.13
12476.1
245.729
677.739
230.832
1720.52
4104.03
5846.97
722.43
2018.46
3165.52
409.595
3210.22
454.286
2510.06
364.904
1303.41
752.224
1467.28
2882.48
633.049
752.224
707.533
2048.26
201.038
201.038
871.399
2003.57
1273.62
7277.07
2063.15
1482.17
8513.52
5400.06
12952.8
841.606
3180.42
1646.04
3597.54
975.678
2122.74
737.327
350.007
3195.32
498.976
1392.79
916.09
4938.26
6010.84
1601.35
275.523
1973.77
1154.44
5087.23
1154.44
1824.8
4014.65
8975.32
3388.98
3835.89
2927.17
945.884
2971.86
1407.69
409.595
1541.76
3657.12
4297.69
1839.7
2614.34
4938.26
916.09
498.976
3910.37
1288.51
2331.3
6830.17
3299.6
1079.96
1824.8
8662.49
588.358
4595.63
603.255
2197.23
5131.92
1690.73
4848.88
10792.7
945.884
4223.21
1675.83
1497.07
1526.86
3523.05
350.007
1646.04
856.502
1303.41
8885.94
543.667
7872.95
990.575
3016.56
6085.32
2271.71
6949.34
2599.44
1109.75
1839.7
1884.39
7500.53
2107.84
2256.81
2346.19
1273.62
6040.63
3627.33
3061.25
8200.68
4118.93
2539.85
498.976
5191.51
469.183
1809.91
2197.23
722.43
2465.37
2361.09
2673.93
990.575
5280.89
916.09
6517.33
2584.54
1973.77
245.729
2078.05
290.42
3359.18
990.575
379.801
3612.43
3284.7
1809.91
1169.34
2375.99
2763.31
1228.93
3046.35
10986.4
1318.31
1169.34
364.904
1184.23
1616.25
1467.28
3240.01
737.327
4208.31
498.976
1035.27
2390.88
2524.96
662.843
201.038
7560.12
4253
1452.38
2033.36
826.709
2495.16
618.152
1377.89
7351.56
350.007
245.729
230.832
4133.82
990.575
722.43
1511.97
6964.24
2227.02
2599.44
2852.69
2107.84
1973.77
2301.5
4029.55
4848.88
350.007
2271.71
528.77
2465.37
2152.53
2480.27
2361.09
3195.32
662.843
5936.35
945.884
811.812
3433.67
4357.28
1497.07
856.502
9958.52
6130.01
6025.73
8662.49
4431.76
260.626
1467.28
1809.91
3329.39
230.832
692.636
1109.75
6487.54
12312.2
1050.16
558.564
707.533
3105.94
3403.88
1675.83
498.976
6994.03
424.492
4133.82
3388.98
5757.59
1705.63
3403.88
1094.85
558.564
633.049
1318.31
3210.22
2927.17
394.698
558.564
8543.31
1795.01
707.533
1482.17
7262.18
1750.32
1467.28
1422.59
4372.17
5206.4
707.533
513.873
1348.1
3791.2
2569.65
454.286
3761.4
677.739
1407.69
1497.07
364.904
1973.77
215.935
305.317
1705.63
1497.07
215.935
1050.16
1437.48
5712.9
2227.02
8513.52
2539.85
782.018
335.11
662.843
1750.32
1750.32
409.595
1973.77
647.946
3240.01
588.358
1631.14
692.636
3433.67
722.43
1065.06
7455.84
2301.5
2524.96
1243.82
305.317
3269.8
1646.04
3284.7
350.007
1795.01
3299.6
245.729
692.636
2167.43
5206.4
2271.71
2599.44
5846.97
1184.23
2092.95
1020.37
1050.16
320.213
2554.75
3120.83
3537.95
394.698
2078.05
1839.7
2629.24
1303.41
647.946
1869.49
1750.32
2897.38
2539.85
513.873
3612.43
603.255
2942.07
1660.94
960.781
215.935
2033.36
782.018
484.08
12044.1
1735.42
1124.65
4029.55
2316.4
662.843
2733.51
856.502
3448.57
930.987
1154.44
3552.84
2822.9
945.884
543.667
1333.2
3597.54
1735.42
543.667
2867.59
1541.76
2480.27
1497.07
3463.46
1720.52
1258.72
2018.46
1258.72
1631.14
1035.27
1377.89
320.213
528.77
3195.32
186.141
379.801
1452.38
379.801
2182.33
647.946
2286.61
1392.79
707.533
2599.44
2852.69
2197.23
4104.03
677.739
2897.38
2375.99
305.317
260.626
975.678
3597.54
2003.57
8856.15
3508.15
1780.11
4521.14
543.667
7411.15
1705.63
4044.44
5861.87
5400.06
6100.22
379.801
2673.93
1109.75
5757.59
707.533
3254.91
7053.62
1050.16
350.007
1750.32
3672.02
558.564
1511.97
871.399
796.915
1943.98
1511.97
662.843
3537.95
513.873
4431.76
3046.35
811.812
2942.07
1273.62
633.049
7098.31
677.739
469.183
1228.93
1616.25
647.946
3984.86
4685.01
1556.66
6532.23
4178.51
2629.24
1973.77
2063.15
1750.32
4401.97
1035.27
871.399
618.152
1154.44
1094.85
3031.45
4059.34
379.801
1497.07
2822.9
5042.54
1065.06
841.606
4089.13
3969.96
1020.37
2241.92
2614.34
2465.37
3195.32
960.781
1065.06
513.873
2524.96
4506.25
1973.77
409.595
3627.33
782.018
6144.91
1780.11
1601.35
4521.14
1929.08
1988.67
5698
1214.03
1899.29
2524.96
3210.22
2107.84
1050.16
513.873
3552.84
737.327
737.327
11641.9
1318.31
6636.51
215.935
588.358
2852.69
6130.01
5474.55
424.492
856.502
3284.7
796.915
1020.37
1288.51
1214.03
856.502
4908.46
3984.86
3582.64
1705.63
2078.05
454.286
1273.62
1124.65
990.575
2271.71
498.976
7053.62
722.43
1169.34
2733.51
513.873
1988.67
3791.2
3150.63
3761.4
5593.72
2137.64
1973.77
3642.23
782.018
6591.82
484.08
1005.47
3731.61
320.213
2137.64
4089.13
6815.27
1169.34
2778.2
1020.37
2375.99
7470.73
2644.13
1616.25
230.832
3523.05
454.286
2301.5
826.709
1273.62
1184.23
2539.85
379.801
379.801
722.43
782.018
1720.52
3835.89
3612.43
1199.13
6636.51
6472.64
350.007
2956.97
1616.25
1214.03
1243.82
1571.55
3225.11
1958.87
2450.47
558.564
409.595
2092.95
573.461
2569.65
1690.73
275.523
1780.11
9124.29
1929.08
1437.48
2003.57
1765.21
2614.34
1258.72
1288.51
5087.23
1452.38
13578.5
2599.44
5832.07
1482.17
1243.82
886.296
871.399
1914.18
1109.75
2495.16
6636.51
5653.31
3225.11
7545.22
1318.31
2405.78
647.946
2942.07
1824.8
901.193
4997.85
6770.58
1929.08
4804.19
1511.97
2644.13
3314.49
4238.1
2956.97
1824.8
1273.62
1124.65
2167.43
3567.74
3672.02
1169.34
5817.18
424.492
4744.6
9213.67
1020.37
4104.03
1348.1
1333.2
573.461
4476.45
2033.36
1660.94
1601.35
3016.56
513.873
3240.01
6249.19
2048.26
3731.61
409.595
2956.97
901.193
2078.05
5936.35
2301.5
350.007
3150.63
2003.57
2763.31
2703.72
1065.06
3135.73
3597.54
305.317
2003.57
2375.99
1035.27
1035.27
4819.08
3240.01
1258.72
2033.36
692.636
4089.13
1348.1
4387.07
1452.38
2122.74
5355.37
3046.35
1571.55
960.781
2361.09
1020.37
722.43
513.873
722.43
3195.32
886.296
573.461
3686.92
3225.11
975.678
1869.49
5787.38
3523.05
722.43
5131.92
5876.76
6562.02
10852.3
2107.84
1035.27
543.667
484.08
960.781
1094.85
3105.94
5310.68
2599.44
1839.7
8990.22
811.812
320.213
1288.51
2048.26
811.812
1586.45
4610.53
320.213
647.946
2420.68
3955.06
2659.03
1035.27
1258.72
2644.13
6874.86
1020.37
2301.5
6755.68
2227.02
7902.74
871.399
3135.73
3165.52
11418.4
2137.64
2390.88
5429.86
901.193
528.77
1526.86
1348.1
1526.86
3478.36
1079.96
916.09
2033.36
2808
1139.54
3478.36
3254.91
5295.78
2078.05
2182.33
782.018
2599.44
558.564
2212.12
11865.3
6323.67
3791.2
4312.59
5921.45
573.461
2212.12
2361.09
1884.39
2033.36
1482.17
320.213
945.884
3403.88
2614.34
394.698
1377.89
3716.71
1258.72
1824.8
2286.61
1065.06
1675.83
1988.67
7992.13
2554.75
2361.09
1899.29
662.843
305.317
290.42
633.049
2927.17
1199.13
1318.31
454.286
5951.25
335.11
305.317
3895.47
1497.07
3597.54
439.389
1363
1258.72
2808
364.904
2867.59
558.564
543.667
7619.7
5653.31
782.018
2241.92
1511.97
2018.46
4297.69
3374.08
1809.91
1407.69
2703.72
3091.04
662.843
4029.55
4461.56
901.193
558.564
1005.47
782.018
2346.19
752.224
5683.1
469.183
4536.04
5698
1020.37
3746.5
3046.35
3359.18
6010.84
1109.75
5653.31
2227.02
2882.48
2644.13
558.564
2718.62
1973.77
1735.42
1631.14
1988.67
4908.46
3314.49
4223.21
1750.32
4074.24
2733.51
2703.72
290.42
1660.94
1005.47
692.636
1780.11
796.915
3478.36
1660.94
5057.43
1035.27
290.42
1214.03
1452.38
2703.72
1154.44
5280.89
1646.04
767.121
990.575
2882.48
1243.82
5131.92
1958.87
1943.98
2405.78
290.42
1005.47
1571.55
856.502
2361.09
2688.82
1333.2
4878.67
469.183
1437.48
260.626
782.018
9809.55
4327.48
3791.2
3448.57
3955.06
558.564
2450.47
1839.7
2107.84
1020.37
4923.36
2822.9
2182.33
3761.4
245.729
2063.15
5355.37
990.575
379.801
1407.69
1929.08
692.636
811.812
7128.1
2956.97
707.533
528.77
275.523
230.832
3359.18
8751.87
260.626
1914.18
6338.57
320.213
737.327
1988.67
1139.54
290.42
7440.94
1511.97
1139.54
335.11
513.873
4759.49
1914.18
618.152
3403.88
3642.23
662.843
6889.75
782.018
1705.63
1869.49
618.152
3761.4
573.461
3731.61
7738.88
841.606
484.08
260.626
1750.32
901.193
1333.2
1288.51
7083.41
2152.53
3120.83
3418.77
1795.01
2048.26
1005.47
2554.75
350.007
2539.85
2867.59
1392.79
1586.45
2912.28
2852.69
4118.93
7038.72
4968.05
8781.66
692.636
3061.25
6770.58
1020.37
469.183
945.884
5846.97
752.224
2361.09
245.729
2048.26
975.678
1601.35
379.801
871.399
7172.8
260.626
856.502
12059
2837.79
6442.85
916.09
364.904
916.09
1243.82
3240.01
1437.48
1660.94
1407.69
692.636
3686.92
2510.06
1511.97
2450.47
1958.87
9094.5
2822.9
1467.28
513.873
1601.35
275.523
5057.43
1258.72
1795.01
2793.1
3210.22
1258.72
1065.06
3165.52
498.976
275.523
1809.91
2673.93
2808
5444.75
930.987
290.42
2703.72
1020.37
1616.25
260.626
6025.73
916.09
1631.14
1854.6
6979.14
677.739
3582.64
1363
945.884
1765.21
10196.9
14219
1482.17
1586.45
4029.55
3046.35
1288.51
543.667
1407.69
3418.77
6621.61
14665.9
469.183
2241.92
7202.59
1720.52
454.286
1556.66
2644.13
215.935
3612.43
5280.89
2003.57
12267.5
1556.66
5891.66
5042.54
543.667
1348.1
871.399
230.832
2331.3
5221.3
2197.23
528.77
3969.96
1765.21
5861.87
3135.73
5310.68
886.296
5280.89
2837.79
2912.28
350.007
2629.24
215.935
454.286
1333.2
1065.06
3120.83
7679.29
2882.48
1690.73
335.11
3567.74
1333.2
2316.4
1526.86
484.08
1616.25
7411.15
1660.94
3433.67
3105.94
394.698
1720.52
618.152
320.213
2301.5
1243.82
9690.37
469.183
3448.57
2569.65
3463.46
2152.53
4014.65
3180.42
3806.09
4431.76
1392.79
737.327
5027.64
1929.08
5891.66
11358.8
5385.17
484.08
10643.8
7426.04
782.018
603.255
945.884
2390.88
1571.55
8498.62
4625.42
4357.28
633.049
990.575
4327.48
603.255
1750.32
2107.84
2793.1
2212.12
3225.11
4208.31
3165.52
4014.65
1795.01
1020.37
6547.12
5698
3105.94
2197.23
1854.6
290.42
4789.29
3344.29
6755.68
1392.79
5042.54
5236.2
2569.65
1050.16
1556.66
3344.29
930.987
454.286
1943.98
6249.19
1497.07
1139.54
4342.38
454.286
5936.35
1884.39
2956.97
2763.31
2539.85
4565.83
320.213
1422.59
290.42
6979.14
603.255
1467.28
2793.1
201.038
1214.03
1824.8
1586.45
14368
3299.6
13965.8
6159.8
5027.64
1109.75
1392.79
3746.5
439.389
230.832
3329.39
1646.04
4461.56
4074.24
2048.26
454.286
841.606
707.533
3388.98
767.121
737.327
4401.97
945.884
1884.39
6368.36
2450.47
14561.7
1973.77
647.946
1005.47
3746.5
4029.55
2644.13
2271.71
1184.23
6055.53
1094.85
320.213
528.77
677.739
3761.4
4357.28
3835.89
409.595
1169.34
8543.31
5400.06
1705.63
3523.05
528.77
2361.09
2882.48
5623.52
1646.04
3597.54
1795.01
8588
2837.79
588.358
1720.52
4163.62
930.987
3180.42
1065.06
782.018
1556.66
2718.62
2003.57
2063.15
5206.4
2927.17
1646.04
1571.55
1377.89
990.575
841.606
662.843
1497.07
1690.73
1884.39
1690.73
722.43
2405.78
811.812
1616.25
1109.75
1318.31
2688.82
1452.38
960.781
975.678
2152.53
1184.23
1020.37
6532.23
4833.98
3463.46
320.213
5995.94
647.946
3806.09
1109.75
3463.46
2197.23
2286.61
245.729
558.564
1556.66
3984.86
1437.48
1243.82
2003.57
1020.37
1065.06
3820.99
3210.22
543.667
2539.85
752.224
1899.29
2078.05
1109.75
2956.97
4461.56
4625.42
856.502
6025.73
1824.8
1169.34
692.636
3195.32
3642.23
2986.76
2897.38
782.018
767.121
320.213
409.595
1258.72
7649.5
1154.44
692.636
960.781
811.812
484.08
454.286
290.42
2003.57
2584.54
647.946
975.678
2286.61
1914.18
320.213
1854.6
275.523
901.193
1958.87
3150.63
3761.4
2673.93
4833.98
2897.38
1690.73
2331.3
886.296
588.358
201.038
4982.95
1139.54
2599.44
901.193
2688.82
3001.66
1482.17
707.533
4431.76
2539.85
2018.46
1690.73
5012.74
245.729
1735.42
1497.07
1646.04
3776.3
364.904
692.636
796.915
5489.44
5146.81
5906.56
1109.75
1273.62
1601.35
752.224
8170.89
3403.88
335.11
12059
290.42
2599.44
4506.25
1929.08
1869.49
2927.17
1169.34
1109.75
1958.87
767.121
4521.14
2271.71
3984.86
3329.39
5310.68
528.77
5429.86
335.11
7604.81
5578.83
2197.23
3269.8
1929.08
305.317
2107.84
3433.67
3225.11
469.183
692.636
1705.63
3612.43
1705.63
2063.15
2495.16
930.987
484.08
5280.89
1765.21
2584.54
1094.85
469.183
484.08
424.492
2033.36
1511.97
2256.81
7962.33
677.739
8915.73
1526.86
1020.37
633.049
3403.88
394.698
1363
1035.27
2092.95
215.935
1288.51
4327.48
1303.41
1526.86
960.781
14338.2
662.843
9109.39
156.347
1288.51
230.832
1303.41
2867.59
2092.95
2510.06
692.636
6621.61
2778.2
1795.01
2122.74
320.213
1586.45
350.007
647.946
886.296
305.317
633.049
2718.62
5832.07
1005.47
1228.93
1109.75
6547.12
2227.02
3478.36
1094.85
886.296
3061.25
2912.28
2182.33
320.213
692.636
350.007
454.286
2197.23
543.667
1929.08
1199.13
1631.14
7858.05
752.224
1184.23
707.533
3746.5
7858.05
394.698
4014.65
1809.91
3478.36
558.564
3016.56
1318.31
1139.54
275.523
2614.34
10986.4
1467.28
1228.93
647.946
5951.25
3195.32
454.286
6085.32
5593.72
841.606
647.946
930.987
1809.91
10301.1
945.884
3284.7
3642.23
394.698
2778.2
305.317
856.502
3076.14
3165.52
424.492
498.976
4327.48
1958.87
1258.72
1035.27
2465.37
2435.58
2212.12
3001.66
647.946
14680.8
677.739
5221.3
1228.93
528.77
4982.95
1899.29
2763.31
2331.3
3195.32
230.832
6323.67
2882.48
230.832
7336.66
633.049
1050.16
3523.05
2346.19
2539.85
1303.41
618.152
2659.03
2167.43
5042.54
245.729
7723.98
290.42
722.43
1690.73
6338.57
1348.1
945.884
3791.2
2256.81
960.781
2256.81
1422.59
2956.97
3493.26
573.461
2212.12
1228.93
8483.72
245.729
5906.56
3523.05
528.77
2629.24
6576.92
484.08
1452.38
8036.82
10450.1
975.678
5668.21
12744.2
752.224
3403.88
2673.93
782.018
2778.2
796.915
945.884
826.709
662.843
543.667
2003.57
13578.5
647.946
2450.47
5236.2
2018.46
5191.51
3716.71
1467.28
3359.18
5787.38
4118.93
1556.66
2346.19
1720.52
290.42
1407.69
2852.69
1154.44
2405.78
4208.31
2465.37
1124.65
454.286
2644.13
2778.2
409.595
4372.17
1884.39
1184.23
1303.41
752.224
1571.55
2018.46
4878.67
7068.52
1914.18
1809.91
1601.35
10271.4
3388.98
4238.1
543.667
2510.06
782.018
5802.28
3001.66
4059.34
3314.49
1392.79
647.946
558.564
3716.71
2152.53
1184.23
8602.9
1273.62
1646.04
1869.49
1437.48
6576.92
4401.97
2018.46
4372.17
3299.6
1482.17
633.049
469.183
3120.83
5087.23
1705.63
662.843
737.327
1541.76
4580.73
618.152
3061.25
1824.8
1482.17
677.739
4357.28
1065.06
3463.46
975.678
230.832
4953.15
7872.95
543.667
245.729
11492.9
4714.8
1407.69
841.606
1407.69
3314.49
990.575
424.492
409.595
14070.1
4223.21
305.317
633.049
2450.47
454.286
990.575
5355.37
4163.62
3269.8
7872.95
1020.37
2584.54
1482.17
2822.9
2927.17
424.492
707.533
3269.8
1243.82
1988.67
886.296
4714.8
4863.77
1109.75
4059.34
2271.71
633.049
5295.78
796.915
1333.2
5444.75
722.43
3761.4
5027.64
14591.5
2271.71
6144.91
1660.94
7232.38
722.43
394.698
2539.85
4536.04
1884.39
543.667
1228.93
916.09
1228.93
3657.12
1065.06
5683.1
647.946
2241.92
6442.85
722.43
4208.31
1199.13
543.667
6219.39
6800.37
692.636
335.11
4208.31
4729.7
1452.38
3150.63
1288.51
5817.18
1690.73
1392.79
2033.36
1899.29
454.286
4208.31
1377.89
2539.85
7381.35
260.626
3195.32
3120.83
6576.92
1586.45
1228.93
290.42
4312.59
454.286
692.636
7128.1
245.729
469.183
1348.1
3776.3
1526.86
3463.46
2539.85
1660.94
2703.72
5563.93
3269.8
215.935
752.224
3091.04
603.255
4521.14
1988.67
4104.03
737.327
1169.34
1943.98
2554.75
5131.92
3582.64
618.152
1094.85
5236.2
3225.11
3388.98
558.564
5578.83
5429.86
1780.11
1914.18
558.564
1854.6
662.843
1988.67
1526.86
1854.6
2361.09
1422.59
841.606
1377.89
3969.96
1720.52
1541.76
826.709
1765.21
2346.19
469.183
2614.34
826.709
2107.84
603.255
1079.96
3284.7
811.812
275.523
1079.96
7023.83
5608.62
9884.03
1050.16
2584.54
394.698
901.193
3135.73
469.183
2629.24
290.42
677.739
2748.41
7649.5
4401.97
5549.03
260.626
1214.03
916.09
9496.71
3508.15
618.152
3359.18
901.193
8751.87
1646.04
1437.48
2793.1
3091.04
379.801
4565.83
2510.06
10092.6
1988.67
2107.84
1631.14
2137.64
618.152
230.832
4506.25
394.698
1348.1
588.358
4401.97
945.884
1005.47
543.667
8200.68
5817.18
2390.88
573.461
2078.05
290.42
454.286
1899.29
5117.02
4774.39
2778.2
4759.49
916.09
4804.19
856.502
1556.66
7172.8
2688.82
10673.6
2152.53
5578.83
2718.62
1556.66
3940.16
930.987
811.812
245.729
3552.84
7962.33
1943.98
2644.13
4208.31
647.946
1065.06
2554.75
2569.65
9288.16
1660.94
364.904
9675.48
1795.01
2644.13
2688.82
3001.66
3225.11
2122.74
1735.42
5504.34
1929.08
6785.48
2316.4
2510.06
1288.51
1675.83
4178.51
856.502
558.564
5027.64
12535.7
811.812
2912.28
1556.66
6398.16
5712.9
14129.7
513.873
2063.15
275.523
1571.55
1497.07
3269.8
990.575
2346.19
677.739
424.492
573.461
782.018
3299.6
3552.84
1065.06
1571.55
7649.5
692.636
1348.1
3597.54
394.698
5653.31
4238.1
960.781
3910.37
335.11
1184.23
245.729
1646.04
3701.81
6264.08
2420.68
662.843
1631.14
1258.72
1467.28
1899.29
3716.71
439.389
4238.1
1214.03
5191.51
1437.48
8513.52
2703.72
335.11
201.038
5325.58
1839.7
2107.84
2793.1
1467.28
2897.38
290.42
6472.64
1422.59
3061.25
1005.47
3091.04
3672.02
1199.13
2927.17
5489.44
3180.42
2212.12
3999.75
692.636
409.595
1348.1
513.873
1943.98
2539.85
1973.77
1065.06
1795.01
424.492
1020.37
767.121
3448.57
1899.29
1586.45
782.018
603.255
3329.39
1511.97
4014.65
1199.13
1124.65
1243.82
2361.09
2361.09
662.843
5042.54
1467.28
707.533
1377.89
1735.42
11284.3
305.317
826.709
1690.73
6368.36
4506.25
2510.06
2346.19
1631.14
2778.2
1750.32
6234.29
901.193
528.77
6457.74
3984.86
4655.22
2212.12
1586.45
394.698
3716.71
1377.89
498.976
6323.67
1050.16
245.729
1020.37
1333.2
5593.72
3284.7
2197.23
3269.8
1899.29
5087.23
722.43
767.121
3418.77
662.843
2227.02
2107.84
1124.65
1631.14
1467.28
469.183
1318.31
5072.33
1169.34
2718.62
335.11
4163.62
4223.21
7128.1
6055.53
3984.86
662.843
290.42
1809.91
245.729
2390.88
2644.13
4774.39
2063.15
6710.99
12640
707.533
3895.47
379.801
513.873
1139.54
2390.88
3776.3
290.42
4431.76
1050.16
4178.51
2122.74
1467.28
230.832
424.492
1079.96
1914.18
3508.15
4670.11
2122.74
2912.28
7515.42
633.049
2763.31
1720.52
5265.99
2137.64
1184.23
916.09
290.42
1407.69
513.873
647.946
290.42
7068.52
484.08
3001.66
1646.04
469.183
7485.63
1765.21
2763.31
647.946
573.461
3061.25
618.152
1079.96
424.492
1586.45
1929.08
1675.83
1020.37
4625.42
3016.56
767.121
811.812
752.224
4014.65
1556.66
1199.13
1795.01
7053.62
1854.6
4327.48
1780.11
1169.34
1511.97
424.492
3105.94
2331.3
379.801
4685.01
1497.07
424.492
4699.91
3225.11
633.049
4863.77
2361.09
3940.16
1050.16
3329.39
2778.2
1184.23
3284.7
960.781
3284.7
588.358
3850.78
692.636
9347.75
409.595
2137.64
4104.03
12744.2
6845.06
1586.45
3061.25
1303.41
5251.09
6636.51
4267.9
3523.05
3820.99
320.213
469.183
1929.08
1452.38
2852.69
6487.54
5191.51
1824.8
3374.08
409.595
3701.81
4372.17
4029.55
1839.7
2435.58
1437.48
5712.9
2078.05
2480.27
2107.84
1839.7
2510.06
2480.27
752.224
13593.4
2078.05
469.183
975.678
2629.24
7545.22
305.317
856.502
1094.85
2435.58
856.502
1243.82
2033.36
498.976
3731.61
2167.43
2748.41
1348.1
767.121
1690.73
7187.69
2644.13
9258.36
543.667
1720.52
1050.16
2167.43
1854.6
633.049
543.667
1184.23
1571.55
1943.98
1973.77
3820.99
1690.73
2450.47
2286.61
2241.92
6696.09
3210.22
1690.73
1526.86
8066.61
8796.56
662.843
6353.46
305.317
1899.29
871.399
275.523
3493.26
633.049
290.42
5072.33
3820.99
1601.35
6606.71
930.987
1482.17
3880.58
4044.44
2316.4
2822.9
2927.17
4104.03
290.42
4312.59
1154.44
2003.57
1795.01
2867.59
573.461
469.183
439.389
2480.27
215.935
990.575
1139.54
2435.58
1288.51
1750.32
8975.32
1675.83
2495.16
811.812
782.018
335.11
1884.39
2480.27
1065.06
439.389
2867.59
275.523
2748.41
2450.47
5087.23
3508.15
1392.79
409.595
335.11
1303.41
2956.97
1184.23
1199.13
2971.86
1720.52
6144.91
2286.61
2390.88
2435.58
1020.37
1303.41
4789.29
5578.83
350.007
7247.28
2286.61
1467.28
320.213
2301.5
1482.17
677.739
2688.82
901.193
4908.46
5742.69
1199.13
1795.01
841.606
3642.23
1631.14
260.626
886.296
7500.53
4387.07
692.636
3806.09
4059.34
3120.83
8379.45
975.678
1586.45
1035.27
4729.7
3135.73
4610.53
335.11
3463.46
1660.94
409.595
2286.61
2644.13
1124.65
528.77
3746.5
1214.03
305.317
4968.05
1452.38
1348.1
960.781
3210.22
2718.62
275.523
2286.61
12476.1
1005.47
4208.31
305.317
2912.28
4610.53
3761.4
1750.32
5534.13
5489.44
5712.9
1854.6
4178.51
4833.98
379.801
677.739
3865.68
856.502
2584.54
5087.23
871.399
1943.98
2137.64
3627.33
6085.32
3091.04
5832.07
439.389
4431.76
1258.72
1452.38
722.43
2167.43
737.327
1556.66
990.575
1482.17
498.976
1199.13
2256.81
990.575
4387.07
1869.49
469.183
2167.43
498.976
1422.59
2629.24
3374.08
379.801
692.636
1273.62
3850.78
1735.42
5131.92
2510.06
12327.1
2927.17
424.492
350.007
7247.28
2018.46
1750.32
4387.07
1526.86
6070.42
543.667
454.286
2837.79
484.08
4431.76
3612.43
2778.2
3329.39
3195.32
737.327
5861.87
2227.02
3686.92
1288.51
826.709
811.812
2167.43
573.461
1079.96
3925.27
8155.99
1169.34
2375.99
513.873
2763.31
603.255
2733.51
886.296
454.286
707.533
1094.85
4550.94
782.018
1526.86
3150.63
1109.75
3686.92
1422.59
469.183
692.636
1839.7
7575.01
662.843
7515.42
3895.47
290.42
1675.83
1422.59
930.987
1720.52
1199.13
603.255
2733.51
1631.14
841.606
13950.9
677.739
2435.58
6889.75
811.812
2614.34
305.317
1914.18
1407.69
2808
6964.24
1809.91
5295.78
2524.96
394.698
5414.96
2420.68
3240.01
3597.54
886.296
4729.7
3344.29
1809.91
1914.18
901.193
1988.67
3091.04
2793.1
1452.38
1511.97
230.832
1497.07
350.007
5698
439.389
2659.03
1795.01
1824.8
8558.21
1318.31
335.11
4372.17
603.255
8588
558.564
290.42
558.564
4446.66
1750.32
2956.97
230.832
1750.32
1437.48
290.42
1065.06
3105.94
722.43
1377.89
2241.92
3537.95
230.832
588.358
3403.88
1079.96
677.739
3537.95
8230.48
1422.59
3463.46
290.42
1795.01
3314.49
5414.96
1899.29
1675.83
2897.38
1660.94
409.595
1705.63
2688.82
1824.8
1601.35
3523.05
1050.16
2897.38
1288.51
2152.53
2137.64
2316.4
603.255
841.606
4774.39
1660.94
4133.82
3895.47
2733.51
11180.1
8394.34
1631.14
7336.66
3388.98
1079.96
1943.98
394.698
3180.42
7068.52
1958.87
2033.36
305.317
3284.7
7500.53
1780.11
305.317
3523.05
1050.16
260.626
7649.5
11999.4
2197.23
1511.97
3597.54
1780.11
7187.69
1899.29
1199.13
320.213
3001.66
2539.85
9496.71
3463.46
2659.03
6710.99
752.224
2078.05
1318.31
2822.9
1526.86
1616.25
275.523
1929.08
3835.89
513.873
1333.2
752.224
2599.44
1005.47
4833.98
2778.2
230.832
260.626
7202.59
320.213
1273.62
8439.03
4118.93
2107.84
156.347
1482.17
6100.22
4133.82
2405.78
4968.05
2227.02
469.183
1616.25
543.667
2718.62
1631.14
498.976
2524.96
4670.11
3344.29
692.636
707.533
1497.07
5027.64
2390.88
1020.37
230.832
811.812
215.935
5489.44
4774.39
1511.97
2554.75
662.843
3359.18
6562.02
2063.15
1050.16
3686.92
2301.5
2480.27
945.884
1809.91
1899.29
2048.26
1318.31
1765.21
350.007
2822.9
7440.94
2673.93
5742.69
1616.25
454.286
1943.98
1318.31
2554.75
4133.82
7187.69
543.667
2361.09
2673.93
1452.38
7619.7
9928.72
1526.86
498.976
3076.14
12029.2
1079.96
1705.63
2152.53
3463.46
2092.95
3552.84
10911.9
2361.09
8096.4
2614.34
1020.37
2703.72
4044.44
260.626
886.296
2673.93
647.946
4282.79
1750.32
975.678
3776.3
7440.94
6725.89
737.327
4744.6
2018.46
5653.31
4342.38
8439.03
841.606
8736.97
6949.34
618.152
1690.73
2286.61
2435.58
782.018
1318.31
4133.82
1318.31
4699.91
2450.47
2003.57
1899.29
1482.17
618.152
901.193
4387.07
811.812
1288.51
1333.2
2808
6696.09
8543.31
215.935
1109.75
2897.38
2301.5
1005.47
826.709
3314.49
7679.29
1869.49
901.193
826.709
2048.26
1675.83
5846.97
439.389
1005.47
2316.4
930.987
1720.52
2256.81
6457.74
1660.94
7545.22
9839.34
1079.96
1675.83
439.389
3597.54
230.832
7843.16
1288.51
1214.03
1497.07
2122.74
469.183
1348.1
1467.28
618.152
543.667
3761.4
2748.41
1720.52
3105.94
722.43
4968.05
3284.7
484.08
454.286
916.09
2197.23
4044.44
1824.8
1437.48
3716.71
1869.49
6934.44
841.606
2405.78
7128.1
439.389
1258.72
1795.01
3061.25
2346.19
394.698
945.884
3508.15
603.255
4699.91
4804.19
796.915
1258.72
5906.56
1943.98
782.018
4297.69
2182.33
305.317
6547.12
1929.08
4193.41
5757.59
2510.06
1854.6
1616.25
424.492
975.678
752.224
2763.31
2584.54
5951.25
6323.67
335.11
364.904
2659.03
5683.1
3195.32
4804.19
5027.64
409.595
3686.92
3150.63
662.843
1646.04
2078.05
469.183
2316.4
1228.93
2629.24
