6.5	8	0.008333333333	-0.1659097555	0.1812754257
6.5	8	0.01666666667	-0.1659097555	0.1812754257
6.5	8	0.025	-0.1659097555	0.1851195395
6.5	8	0.03333333333	-0.1659097555	0.1886887205
6.5	8	0.04166666667	-0.1659097555	0.2079112674
6.5	8	0.05	-0.1659097555	0.2219150367
6.5	8	0.05833333333	-0.1659097555	0.2301531298
6.5	8	0.06666666667	-0.1659097555	0.2356448622
6.5	8	0.075	-0.1659097555	0.256239106
6.5	8	0.08333333333	-0.1659097555	0.270518797
6.5	8	0.09166666667	-0.1659097555	0.2922117828
6.5	8	0.1	-0.1659097555	0.3073142942
6.5	8	0.1083333333	-0.1698442554	0.3276345942
6.5	8	0.1166666667	-0.1659097555	0.3487777145
6.5	8	0.125	-0.1659097555	0.3633313494
6.5	8	0.1333333333	-0.1659097555	0.3630574056
6.5	8	0.1416666667	-0.1619752557	0.3636062821
6.5	8	0.15	-0.1659097555	0.3745897469
6.5	8	0.1583333333	-0.1659097555	0.4122090535
6.5	8	0.1666666667	-0.1698442554	0.4333531628
6.5	8	0.175	-0.1698442554	0.4558699579
6.5	8	0.1833333333	-0.1659097555	0.4679521648
6.5	8	0.1916666667	-0.1698442554	0.4899200834
6.5	8	0.2	-0.1659097555	0.4978832438
6.5	8	0.2083333333	-0.1659097555	0.5102403834
6.5	8	0.2166666667	-0.1659097555	0.5146333738
6.5	8	0.225	-0.1698442554	0.521498781
6.5	8	0.2333333333	-0.1659097555	0.5256168386
6.5	8	0.2416666667	-0.1659097555	0.5338549317
6.5	8	0.25	-0.1659097555	0.5374251017
6.5	8	0.2583333333	-0.1659097555	0.5571955362
6.5	8	0.2666666667	-0.1659097555	0.5722980475
6.5	8	0.275	-0.1659097555	0.5725729803
6.5	8	0.2833333333	-0.1659097555	0.5736717224
6.5	8	0.2916666667	-0.1659097555	0.5865777386
6.5	8	0.3	-0.1698442554	0.609918343
6.5	8	0.3083333333	-0.1659097555	0.6217256172
6.5	8	0.3166666667	-0.1659097555	0.6258446637
6.5	8	0.325	-0.1659097555	0.6239221123
6.5	8	0.3333333333	-0.1659097555	0.6508328868
6.5	8	0.3416666667	-0.1698442554	0.6609925423
6.5	8	0.35	-0.1659097555	0.6763699865
6.5	8	0.3583333333	-0.1659097555	0.703279772
6.5	8	0.3666666667	-0.1659097555	0.7109689885
6.5	8	0.375	-0.1659097555	0.710420112
6.5	8	0.3833333333	-0.1659097555	0.7238750047
6.5	8	0.3916666667	-0.1659097555	0.704378514
6.5	8	0.4	-0.1698442554	0.7084975606
6.5	8	0.4083333333	-0.1659097555	0.7082226278
6.5	8	0.4166666667	-0.1659097555	0.7093213699
6.5	8	0.425	-0.1659097555	0.703279772
6.5	8	0.4333333333	-0.1659097555	0.7419978206
6.5	8	0.4416666667	-0.1659097555	0.7807158692
6.5	8	0.45	-0.1659097555	0.7936218854
6.5	8	0.4583333333	-0.1659097555	0.7930730088
6.5	8	0.4666666667	-0.1659097555	0.7938968181
6.5	8	0.475	-0.1659097555	0.8021339223
6.5	8	0.4833333333	-0.1698442554	0.8150399385
6.5	8	0.4916666667	-0.1698442554	0.8356351712
6.5	8	0.5	-0.1659097555	0.846618636
6.5	8	0.5083333333	-0.1659097555	0.835909115
6.5	8	0.5166666667	-0.1659097555	0.8770985915
6.5	8	0.525	-0.1659097555	0.8990665102
6.5	8	0.5333333333	-0.1659097555	0.852660234
6.5	8	0.5416666667	-0.1659097555	0.8570532243
6.5	8	0.55	-0.1659097555	0.8831401895
6.5	8	0.5583333333	-0.1659097555	0.9023617474
6.5	8	0.5666666667	-0.1659097555	0.9097760312
6.5	8	0.575	-0.1659097555	0.9023617474
6.5	8	0.5833333333	-0.1659097555	0.924329666
6.5	8	0.5916666667	-0.1659097555	0.9449239098
6.5	8	0.6	-0.1659097555	0.9641454677
6.5	8	0.6083333333	-0.1659097555	0.9674407049
6.5	8	0.6166666667	-0.1659097555	0.9828181491
6.5	8	0.625	-0.1659097555	1.027576807
6.5	8	0.6333333333	-0.1659097555	1.009179058
6.5	8	0.6416666667	-0.1698442554	1.007531439
6.5	8	0.65	-0.1659097555	1.028400616
6.5	8	0.6583333333	-0.1698442554	1.053388839
6.5	8	0.6666666667	-0.1659097555	1.057502941
6.5	8	0.675	-0.1659097555	1.058333673
6.5	8	0.6833333333	-0.1659097555	1.056682098
6.5	8	0.6916666667	-0.1659097555	1.058877605
6.5	8	0.7	-0.1659097555	1.056405188
6.5	8	0.7083333333	-0.1698442554	1.056682098
11.5	8	0.008333333333	-0.1659097555	0.1815493695
11.5	8	0.01666666667	-0.1659097555	0.1815493695
11.5	8	0.025	-0.1659097555	0.1818243022
11.5	8	0.03333333333	-0.1659097555	0.1840207974
11.5	8	0.04166666667	-0.1659097555	0.1977506229
11.5	8	0.05	-0.1659097555	0.219169665
11.5	8	0.05833333333	-0.1659097555	0.2232877225
11.5	8	0.06666666667	-0.1659097555	0.2444318318
11.5	8	0.075	-0.1698442554	0.2548664201
11.5	8	0.08333333333	-0.1659097555	0.2551413529
11.5	8	0.09166666667	-0.1659097555	0.2625556367
11.5	8	0.1	-0.1659097555	0.2757355967
11.5	8	0.1083333333	-0.1698442554	0.2935844687
11.5	8	0.1166666667	-0.1659097555	0.3084130363
11.5	8	0.125	-0.1659097555	0.3177488825
11.5	8	0.1333333333	-0.1659097555	0.3347739452
11.5	8	0.1416666667	-0.1698442554	0.3498764566
11.5	8	0.15	-0.1659097555	0.3611348542
11.5	8	0.1583333333	-0.1659097555	0.3608599214
11.5	8	0.1666666667	-0.1659097555	0.372118319
11.5	8	0.175	-0.1659097555	0.3976564076
11.5	8	0.1833333333	-0.1698442554	0.422369698
11.5	8	0.1916666667	-0.1698442554	0.4470829883
11.5	8	0.2	-0.1698442554	0.4523007769
11.5	8	0.2083333333	-0.1698442554	0.4525747207
11.5	8	0.2166666667	-0.1698442554	0.4572426438
11.5	8	0.225	-0.1698442554	0.47014866
11.5	8	0.2333333333	-0.1698442554	0.4720712114
11.5	8	0.2416666667	-0.1659097555	0.4728950207
11.5	8	0.25	-0.1698442554	0.4734438972
11.5	8	0.2583333333	-0.1659097555	0.4915677021
11.5	8	0.2666666667	-0.1698442554	0.4912927693
11.5	8	0.275	-0.1659097555	0.500079739
11.5	8	0.2833333333	-0.1659097555	0.5006286155
11.5	8	0.2916666667	-0.1659097555	0.5124368786
11.5	8	0.3	-0.1659097555	0.5390727203
11.5	8	0.3083333333	-0.1698442554	0.5637860107
11.5	8	0.3166666667	-0.1659097555	0.5805361406
11.5	8	0.325	-0.1659097555	0.6222744937
11.5	8	0.3333333333	-0.1659097555	0.6502830213
11.5	8	0.3416666667	-0.1659097555	0.6824105954
11.5	8	0.35	-0.1659097555	0.7153619789
11.5	8	0.3583333333	-0.1659097555	0.7373298975
11.5	8	0.3666666667	-0.1698442554	0.7667120999
11.5	8	0.375	-0.1659097555	0.7969171226
11.5	8	0.3833333333	-0.1659097555	0.8279459547
11.5	8	0.3916666667	-0.1659097555	0.8372827898
11.5	8	0.4	-0.1619752557	0.8356351712
11.5	8	0.4083333333	-0.1659097555	0.8507376826
11.5	8	0.4166666667	-0.1659097555	0.8672138688
11.5	8	0.425	-0.1659097555	0.8713319264
11.5	8	0.4333333333	-0.1659097555	0.8735294105
11.5	8	0.4416666667	-0.1659097555	0.8869843033
11.5	8	0.45	-0.1659097555	0.8963201495
11.5	8	0.4583333333	-0.1659097555	0.9273499705
11.5	8	0.4666666667	-0.1698442554	0.9501407094
11.5	8	0.475	-0.1659097555	0.9539858122
11.5	8	0.4833333333	-0.1659097555	0.9630467256
11.5	8	0.4916666667	-0.1659097555	0.9655181536
11.5	8	0.5	-0.1659097555	0.9671657722
11.5	8	0.5083333333	-0.1659097555	0.9693622674
11.5	8	0.5166666667	-0.1659097555	0.9814444742
11.5	8	0.525	-0.1659097555	0.9992933463
11.5	8	0.5333333333	-0.1659097555	1.003961269
11.5	8	0.5416666667	-0.1659097555	1.004511135
11.5	8	0.55	-0.1659097555	1.008904125
11.5	8	0.5583333333	-0.1659097555	1.010826677
11.5	8	0.5666666667	-0.1659097555	1.01467079
11.5	8	0.575	-0.1659097555	1.022908884
11.5	8	0.5833333333	-0.1659097555	1.031970786
11.5	8	0.5916666667	-0.1659097555	1.038564227
11.5	8	0.6	-0.1659097555	1.051470244
11.5	8	0.6083333333	-0.1659097555	1.052291086
11.5	8	0.6166666667	-0.1659097555	1.052291086
11.5	8	0.625	-0.1659097555	1.051737265
16.5	8	0.008333333333	-0.1619752557	0.1818243022
16.5	8	0.01666666667	-0.1659097555	0.1812754257
16.5	8	0.025	-0.1659097555	0.179627807
16.5	8	0.03333333333	-0.1619752557	0.2018696694
16.5	8	0.04166666667	-0.1659097555	0.2145007529
16.5	8	0.05	-0.1659097555	0.2342721763
16.5	8	0.05833333333	-0.1619752557	0.2480020018
16.5	8	0.06666666667	-0.1659097555	0.2570629153
16.5	8	0.075	-0.1659097555	0.2864451177
16.5	8	0.08333333333	-0.1659097555	0.3215929963
16.5	8	0.09166666667	-0.1659097555	0.3660777101
16.5	8	0.1	-0.1659097555	0.4050697025
16.5	8	0.1083333333	-0.1659097555	0.4270376211
16.5	8	0.1166666667	-0.1659097555	0.4328042862
16.5	8	0.125	-0.1659097555	0.43307823
16.5	8	0.1333333333	-0.1619752557	0.435549658
16.5	8	0.1416666667	-0.1659097555	0.4599890045
16.5	8	0.15	-0.1619752557	0.4893702179
16.5	8	0.1583333333	-0.1659097555	0.5118870131
16.5	8	0.1666666667	-0.1659097555	0.5412692155
16.5	8	0.175	-0.1659097555	0.5733967896
16.5	8	0.1833333333	-0.1659097555	0.6107421524
16.5	8	0.1916666667	-0.1659097555	0.6535782585
16.5	8	0.2	-0.1619752557	0.697239163
16.5	8	0.2083333333	-0.1659097555	0.7477644857
16.5	8	0.2166666667	-0.1659097555	0.7875812764
16.5	8	0.225	-0.1659097555	0.8122945667
16.5	8	0.2333333333	-0.1659097555	0.8144910619
16.5	8	0.2416666667	-0.1659097555	0.8142161292
16.5	8	0.25	-0.1619752557	0.8290446967
16.5	8	0.2583333333	-0.1659097555	0.8510126153
16.5	8	0.2666666667	-0.1659097555	0.8666640033
16.5	8	0.275	-0.1659097555	0.876549715
16.5	8	0.2833333333	-0.1619752557	0.9081284126
16.5	8	0.2916666667	-0.1619752557	0.9240547332
16.5	8	0.3	-0.1619752557	0.927898847
16.5	8	0.3083333333	-0.1659097555	0.9295464657
16.5	8	0.3166666667	-0.1659097555	0.9391572446
16.5	8	0.325	-0.1619752557	0.9572810494
16.5	8	0.3333333333	-0.1619752557	0.9693622674
16.5	8	0.3416666667	-0.1659097555	0.9792479791
16.5	8	0.35	-0.1659097555	1.006982563
16.5	8	0.3583333333	-0.1619752557	1.043776082
16.5	8	0.3666666667	-0.1659097555	1.058056762
16.5	8	0.375	-0.1619752557	1.056959009
16.5	8	0.3833333333	-0.1619752557	1.056682098
21.5	8	0.008333333333	-0.1619752557	0.1823731788
21.5	8	0.01666666667	-0.1619752557	0.1823731788
21.5	8	0.025	-0.1659097555	0.1826481115
21.5	8	0.03333333333	-0.1619752557	0.1826481115
21.5	8	0.04166666667	-0.1659097555	0.1823731788
21.5	8	0.05	-0.1659097555	0.1823731788
21.5	8	0.05833333333	-0.1619752557	0.1826481115
21.5	8	0.06666666667	-0.1619752557	0.1826481115
21.5	8	0.075	-0.1619752557	0.1823731788
21.5	8	0.08333333333	-0.1659097555	0.1810004929
21.5	8	0.09166666667	-0.1619752557	0.1823731788
21.5	8	0.1	-0.1619752557	0.1991233088
21.5	8	0.1083333333	-0.1659097555	0.219169665
21.5	8	0.1166666667	-0.1659097555	0.2326245577
21.5	8	0.125	-0.1659097555	0.2477270691
21.5	8	0.1333333333	-0.1619752557	0.2622807039
21.5	8	0.1416666667	-0.1659097555	0.2727152922
21.5	8	0.15	-0.1659097555	0.290838108
21.5	8	0.1583333333	-0.1659097555	0.3202203104
21.5	8	0.1666666667	-0.1659097555	0.3229656821
21.5	8	0.175	-0.1659097555	0.3504253332
21.5	8	0.1833333333	-0.1659097555	0.3592123028
21.5	8	0.1916666667	-0.1659097555	0.3704707004
21.5	8	0.2	-0.1659097555	0.3767872311
21.5	8	0.2083333333	-0.1659097555	0.3861230773
21.5	8	0.2166666667	-0.1619752557	0.3968325983
21.5	8	0.225	-0.1659097555	0.4240173166
21.5	8	0.2333333333	-0.1659097555	0.4437877511
21.5	8	0.2416666667	-0.1659097555	0.4490055397
21.5	8	0.25	-0.1659097555	0.4792105624
21.5	8	0.2583333333	-0.1619752557	0.4929403879
21.5	8	0.2666666667	-0.1619752557	0.5088667086
21.5	8	0.275	-0.1659097555	0.52396922
21.5	8	0.2833333333	-0.1659097555	0.5261667041
21.5	8	0.2916666667	-0.1619752557	0.54428952
21.5	8	0.3	-0.1659097555	0.5607657062
21.5	8	0.3083333333	-0.1659097555	0.5706504289
21.5	8	0.3166666667	-0.1659097555	0.5742205989
21.5	8	0.325	-0.1659097555	0.5854789965
21.5	8	0.3333333333	-0.1659097555	0.5865777386
21.5	8	0.3416666667	-0.1659097555	0.5989338893
21.5	8	0.35	-0.1659097555	0.612388782
21.5	8	0.3583333333	-0.1659097555	0.6192541892
21.5	8	0.3666666667	-0.1659097555	0.619529122
21.5	8	0.375	-0.1659097555	0.6288649682
21.5	8	0.3833333333	-0.1619752557	0.6456150982
21.5	8	0.3916666667	-0.1659097555	0.6571484285
21.5	8	0.4	-0.1659097555	0.6620912844
21.5	8	0.4083333333	-0.1659097555	0.662640161
21.5	8	0.4166666667	-0.1659097555	0.6777426723
21.5	8	0.425	-0.1659097555	0.7005344002
21.5	8	0.4333333333	-0.1619752557	0.7010832768
21.5	8	0.4416666667	-0.1659097555	0.700808344
21.5	8	0.45	-0.1659097555	0.721128644
21.5	8	0.4583333333	-0.1659097555	0.7463917999
21.5	8	0.4666666667	-0.1619752557	0.7466657437
21.5	8	0.475	-0.1619752557	0.7647895485
21.5	8	0.4833333333	-0.1659097555	0.7807158692
21.5	8	0.4916666667	-0.1619752557	0.7831872971
21.5	8	0.5	-0.1619752557	0.8051552157
21.5	8	0.5083333333	-0.1659097555	0.8081755202
21.5	8	0.5166666667	-0.1619752557	0.8139421854
21.5	8	0.525	-0.1659097555	0.8241018409
21.5	8	0.5333333333	-0.1619752557	0.8348113619
21.5	8	0.5416666667	-0.1619752557	0.8422256457
21.5	8	0.55	-0.1659097555	0.8573281571
21.5	8	0.5583333333	-0.1619752557	0.8639186315
21.5	8	0.5666666667	-0.1619752557	0.8727056012
21.5	8	0.575	-0.1619752557	0.8839639988
21.5	8	0.5833333333	-0.1659097555	0.8842379426
21.5	8	0.5916666667	-0.1659097555	0.8839639988
21.5	8	0.6	-0.1619752557	0.8853366846
21.5	8	0.6083333333	-0.1659097555	0.8891807984
21.5	8	0.6166666667	-0.1619752557	0.8985176336
21.5	8	0.625	-0.1659097555	0.9095010984
21.5	8	0.6333333333	-0.1659097555	0.9204845632
21.5	8	0.6416666667	-0.1619752557	0.9232309239
21.5	8	0.65	-0.1659097555	0.937509626
21.5	8	0.6583333333	-0.1619752557	0.9388823119
21.5	8	0.6666666667	-0.1659097555	0.944648977
21.5	8	0.675	-0.1619752557	0.9561823074
21.5	8	0.6833333333	-0.1659097555	0.9729324374
21.5	8	0.6916666667	-0.1619752557	0.9825432163
21.5	8	0.7	-0.1619752557	1.00313746
21.5	8	0.7083333333	-0.1659097555	1.024007626
21.5	8	0.7166666667	-0.1619752557	1.040759734
21.5	8	0.725	-0.1659097555	1.048997827
21.5	8	0.7333333333	-0.1619752557	1.048444005
21.5	8	0.7416666667	-0.1659097555	1.047900074
21.5	8	0.75	-0.1659097555	1.048167095
21.5	8	0.7583333333	-0.1619752557	1.048167095
26.5	8	0.008333333333	-0.1659097555	0.182099235
26.5	8	0.01666666667	-0.1659097555	0.1823731788
26.5	8	0.025	-0.1659097555	0.182099235
26.5	8	0.03333333333	-0.1619752557	0.182099235
26.5	8	0.04166666667	-0.1659097555	0.1823731788
26.5	8	0.05	-0.1659097555	0.182099235
26.5	8	0.05833333333	-0.1659097555	0.1831969881
26.5	8	0.06666666667	-0.1659097555	0.1980255557
26.5	8	0.075	-0.1619752557	0.2128531343
26.5	8	0.08333333333	-0.1659097555	0.2403127853
26.5	8	0.09166666667	-0.1659097555	0.2622807039
26.5	8	0.1	-0.1659097555	0.2924857266
26.5	8	0.1083333333	-0.1659097555	0.3081381035
26.5	8	0.1166666667	-0.1659097555	0.3172000059
26.5	8	0.125	-0.1659097555	0.3474050287
26.5	8	0.1333333333	-0.1659097555	0.3929874956
26.5	8	0.1416666667	-0.1659097555	0.4168779656
26.5	8	0.15	-0.1659097555	0.4229185745
26.5	8	0.1583333333	-0.1659097555	0.4586163186
26.5	8	0.1666666667	-0.1659097555	0.5066702134
26.5	8	0.175	-0.1698442554	0.5412692155
26.5	8	0.1833333333	-0.1619752557	0.58493012
26.5	8	0.1916666667	-0.1659097555	0.6285900354
26.5	8	0.2	-0.1619752557	0.6593449237
26.5	8	0.2083333333	-0.1698442554	0.6793902909
26.5	8	0.2166666667	-0.1698442554	0.7145381695
26.5	8	0.225	-0.1659097555	0.7266203764
26.5	8	0.2333333333	-0.1698442554	0.7702812809
26.5	8	0.2416666667	-0.1659097555	0.8007612364
26.5	8	0.25	-0.1659097555	0.8210815364
26.5	8	0.2583333333	-0.1659097555	0.8414018364
26.5	8	0.2666666667	-0.1659097555	0.8592497195
26.5	8	0.275	-0.1659097555	0.859799585
26.5	8	0.2833333333	-0.1659097555	0.8619960802
26.5	8	0.2916666667	-0.1698442554	0.8647424409
26.5	8	0.3	-0.1659097555	0.8716068591
26.5	8	0.3083333333	-0.1659097555	0.8812176381
26.5	8	0.3166666667	-0.1659097555	0.8823163802
26.5	8	0.325	-0.1659097555	0.9155417074
26.5	8	0.3333333333	-0.1659097555	0.9158166401
26.5	8	0.3416666667	-0.1659097555	0.9152677636
26.5	8	0.35	-0.1659097555	0.9235058567
26.5	8	0.3583333333	-0.1659097555	0.9630467256
26.5	8	0.3666666667	-0.1659097555	1.002313651
26.5	8	0.375	-0.1659097555	1.022085074
26.5	8	0.3833333333	-0.1659097555	1.045971588
26.5	8	0.3916666667	-0.1659097555	1.05366575
26.5	8	0.4	-0.1659097555	1.053111928
26.5	8	0.4083333333	-0.1619752557	1.053388839
26.5	8	0.4166666667	-0.1659097555	1.05366575
31.5	8	0.008333333333	-0.1659097555	0.1810004929
31.5	8	0.01666666667	-0.1619752557	0.1818243022
31.5	8	0.025	-0.1659097555	0.1807255601
31.5	8	0.03333333333	-0.1659097555	0.1815493695
31.5	8	0.04166666667	-0.1659097555	0.1810004929
31.5	8	0.05	-0.1659097555	0.1815493695
31.5	8	0.05833333333	-0.1659097555	0.1812754257
31.5	8	0.06666666667	-0.1698442554	0.1867671581
31.5	8	0.075	-0.1659097555	0.2040661646
31.5	8	0.08333333333	-0.1659097555	0.2219150367
31.5	8	0.09166666667	-0.1659097555	0.2307020063
31.5	8	0.1	-0.1698442554	0.2592603994
31.5	8	0.1083333333	-0.1698442554	0.2576127808
31.5	8	0.1166666667	-0.1659097555	0.2683213129
31.5	8	0.125	-0.1659097555	0.2990762011
31.5	8	0.1333333333	-0.1659097555	0.3067654177
31.5	8	0.1416666667	-0.1659097555	0.3303799659
31.5	8	0.15	-0.1659097555	0.358938359
31.5	8	0.1583333333	-0.1659097555	0.3968325983
31.5	8	0.1666666667	-0.1698442554	0.4278614304
31.5	8	0.175	-0.1698442554	0.4671283555
31.5	8	0.1833333333	-0.1659097555	0.4855261041
31.5	8	0.1916666667	-0.1659097555	0.4855261041
31.5	8	0.2	-0.1698442554	0.51078926
31.5	8	0.2083333333	-0.1698442554	0.5269905134
31.5	8	0.2166666667	-0.1698442554	0.5662574386
31.5	8	0.225	-0.1698442554	0.6077208589
31.5	8	0.2333333333	-0.1698442554	0.6236471796
31.5	8	0.2416666667	-0.1659097555	0.6563246192
31.5	8	0.25	-0.1659097555	0.673349682
31.5	8	0.2583333333	-0.1659097555	0.6771937958
31.5	8	0.2666666667	-0.1698442554	0.7126166071
31.5	8	0.275	-0.1659097555	0.7466657437
31.5	8	0.2833333333	-0.1659097555	0.7628669971
31.5	8	0.2916666667	-0.1659097555	0.7603955692
31.5	8	0.3	-0.1659097555	0.7658882906
31.5	8	0.3083333333	-0.1659097555	0.7826384206
31.5	8	0.3166666667	-0.1659097555	0.8092742623
31.5	8	0.325	-0.1659097555	0.8210815364
31.5	8	0.3333333333	-0.1659097555	0.8235529643
31.5	8	0.3416666667	-0.1659097555	0.8241018409
31.5	8	0.35	-0.1698442554	0.8235529643
31.5	8	0.3583333333	-0.1659097555	0.8249256502
31.5	8	0.3666666667	-0.1659097555	0.8257494595
31.5	8	0.375	-0.1659097555	0.8260243923
31.5	8	0.3833333333	-0.1659097555	0.8257494595
31.5	8	0.3916666667	-0.1659097555	0.8260243923
31.5	8	0.4	-0.1659097555	0.8471675126
31.5	8	0.4083333333	-0.1659097555	0.8576021009
31.5	8	0.4166666667	-0.1659097555	0.8727056012
31.5	8	0.425	-0.1659097555	0.9037344333
31.5	8	0.4333333333	-0.1698442554	0.9042833098
31.5	8	0.4416666667	-0.1659097555	0.9369607494
31.5	8	0.45	-0.1659097555	0.9707359422
31.5	8	0.4583333333	-0.1659097555	0.9979206604
31.5	8	0.4666666667	-0.1619752557	1.005334944
31.5	8	0.475	-0.1659097555	1.016867286
31.5	8	0.4833333333	-0.1659097555	1.042134397
31.5	8	0.4916666667	-0.1659097555	1.049274737
31.5	8	0.5	-0.1659097555	1.045971588
31.5	8	0.5083333333	-0.1659097555	1.045971588
36.5	8	0.008333333333	-0.1659097555	0.1807255601
36.5	8	0.01666666667	-0.1659097555	0.1807255601
36.5	8	0.025	-0.1659097555	0.1807255601
36.5	8	0.03333333333	-0.1698442554	0.1807255601
36.5	8	0.04166666667	-0.1659097555	0.1807255601
36.5	8	0.05	-0.1659097555	0.1807255601
36.5	8	0.05833333333	-0.1698442554	0.1810004929
36.5	8	0.06666666667	-0.1659097555	0.1815493695
36.5	8	0.075	-0.1659097555	0.1807255601
36.5	8	0.08333333333	-0.1659097555	0.2040661646
36.5	8	0.09166666667	-0.1698442554	0.2416864601
36.5	8	0.1	-0.1698442554	0.2523949922
36.5	8	0.1083333333	-0.1659097555	0.2628295804
36.5	8	0.1166666667	-0.1659097555	0.2639283225
36.5	8	0.125	-0.1659097555	0.2913879735
36.5	8	0.1333333333	-0.1659097555	0.3204952432
36.5	8	0.1416666667	-0.1659097555	0.338618059
36.5	8	0.15	-0.1659097555	0.3658027773
36.5	8	0.1583333333	-0.1659097555	0.3951849797
36.5	8	0.1666666667	-0.1659097555	0.4212709559
36.5	8	0.175	-0.1659097555	0.4303328583
36.5	8	0.1833333333	-0.1659097555	0.4506531583
36.5	8	0.1916666667	-0.1659097555	0.4739937628
36.5	8	0.2	-0.1659097555	0.4984321203
36.5	8	0.2083333333	-0.1698442554	0.5187524203
36.5	8	0.2166666667	-0.1659097555	0.5582942782
36.5	8	0.225	-0.1659097555	0.5750444082
36.5	8	0.2333333333	-0.1659097555	0.5772409034
36.5	8	0.2416666667	-0.1698442554	0.6060732403
36.5	8	0.25	-0.1659097555	0.6310614634
36.5	8	0.2583333333	-0.1698442554	0.6546770006
36.5	8	0.2666666667	-0.1698442554	0.6892760027
36.5	8	0.275	-0.1698442554	0.7112439213
36.5	8	0.2833333333	-0.1659097555	0.7244238813
36.5	8	0.2916666667	-0.1659097555	0.7252476906
36.5	8	0.3	-0.1659097555	0.7249727578
36.5	8	0.3083333333	-0.1659097555	0.7249727578
36.5	8	0.3166666667	-0.1659097555	0.7249727578
36.5	8	0.325	-0.1659097555	0.7260714999
36.5	8	0.3333333333	-0.1659097555	0.7628669971
36.5	8	0.3416666667	-0.1659097555	0.7700063481
36.5	8	0.35	-0.1659097555	0.7776955647
36.5	8	0.3583333333	-0.1698442554	0.7823634878
36.5	8	0.3666666667	-0.1659097555	0.8282208874
36.5	8	0.375	-0.1698442554	0.7884050857
36.5	8	0.3833333333	-0.1659097555	0.7895028388
36.5	8	0.3916666667	-0.1698442554	0.788130153
36.5	8	0.4	-0.1659097555	0.7889539623
36.5	8	0.4083333333	-0.1659097555	0.8007612364
36.5	8	0.4166666667	-0.1698442554	0.8089993295
36.5	8	0.425	-0.1659097555	0.8252005829
36.5	8	0.4333333333	-0.1659097555	0.829868506
36.5	8	0.4416666667	-0.1659097555	0.8328888105
36.5	8	0.45	-0.1698442554	0.8337126198
36.5	8	0.4583333333	-0.1659097555	0.833438676
36.5	8	0.4666666667	-0.1659097555	0.8600735288
36.5	8	0.475	-0.1659097555	0.8688604984
36.5	8	0.4833333333	-0.1659097555	0.9067547377
36.5	8	0.4916666667	-0.1659097555	0.9419036053
36.5	8	0.5	-0.1659097555	0.9743051232
36.5	8	0.5083333333	-0.1659097555	1.001764774
36.5	8	0.5166666667	-0.1659097555	1.017417151
36.5	8	0.525	-0.1659097555	1.031146977
36.5	8	0.5333333333	-0.1659097555	1.038564227
36.5	8	0.5416666667	-0.1659097555	1.042134397
36.5	8	0.55	-0.1659097555	1.042134397
36.5	8	0.5583333333	-0.1619752557	1.042134397
36.5	8	0.5666666667	-0.1659097555	1.044052993
36.5	8	0.575	-0.1659097555	1.044052993
41.5	8	0.008333333333	-0.1659097555	0.1810004929
41.5	8	0.01666666667	-0.1698442554	0.182099235
41.5	8	0.025	-0.1698442554	0.1818243022
41.5	8	0.03333333333	-0.1698442554	0.1884147767
41.5	8	0.04166666667	-0.1659097555	0.2221899694
41.5	8	0.05	-0.1698442554	0.2367436043
41.5	8	0.05833333333	-0.1659097555	0.2474521363
41.5	8	0.06666666667	-0.1659097555	0.2628295804
41.5	8	0.075	-0.1659097555	0.2883666801
41.5	8	0.08333333333	-0.1659097555	0.3100606549
41.5	8	0.09166666667	-0.1698442554	0.331478708
41.5	8	0.1	-0.1659097555	0.3388929918
41.5	8	0.1083333333	-0.1698442554	0.396008789
41.5	8	0.1166666667	-0.1698442554	0.4196233373
41.5	8	0.125	-0.1698442554	0.4457103024
41.5	8	0.1333333333	-0.1698442554	0.4770140672
41.5	8	0.1416666667	-0.1698442554	0.4951368831
41.5	8	0.15	-0.1659097555	0.4984321203
41.5	8	0.1583333333	-0.1698442554	0.5061213369
41.5	8	0.1666666667	-0.1659097555	0.5324822458
41.5	8	0.175	-0.1659097555	0.5398965296
41.5	8	0.1833333333	-0.1698442554	0.5819088265
41.5	8	0.1916666667	-0.1698442554	0.6154100755
41.5	8	0.2	-0.1698442554	0.6461639748
41.5	8	0.2083333333	-0.1698442554	0.6670341403
41.5	8	0.2166666667	-0.1698442554	0.6703283885
41.5	8	0.225	-0.1659097555	0.7164607209
41.5	8	0.2333333333	-0.1698442554	0.7183832723
41.5	8	0.2416666667	-0.1659097555	0.7172845302
41.5	8	0.25	-0.1659097555	0.751059723
41.5	8	0.2583333333	-0.1659097555	0.7686336623
41.5	8	0.2666666667	-0.1659097555	0.778519374
41.5	8	0.275	-0.1698442554	0.7782444412
41.5	8	0.2833333333	-0.1659097555	0.7782444412
41.5	8	0.2916666667	-0.1659097555	0.7782444412
41.5	8	0.3	-0.1659097555	0.7870314109
41.5	8	0.3083333333	-0.1698442554	0.8051552157
41.5	8	0.3166666667	-0.1698442554	0.8098231388
41.5	8	0.325	-0.1698442554	0.8175113664
41.5	8	0.3333333333	-0.1659097555	0.8444221409
41.5	8	0.3416666667	-0.1659097555	0.8554056057
41.5	8	0.35	-0.1659097555	0.8853366846
41.5	8	0.3583333333	-0.1659097555	0.8847878081
41.5	8	0.3666666667	-0.1659097555	0.9048331753
41.5	8	0.375	-0.1659097555	0.9320178936
41.5	8	0.3833333333	-0.1659097555	0.9548096215
41.5	8	0.3916666667	-0.1659097555	0.9657930863
41.5	8	0.4	-0.1659097555	0.9896825673
41.5	8	0.4083333333	-0.1659097555	1.020162523
41.5	8	0.4166666667	-0.1659097555	1.030597111
41.5	8	0.425	-0.1659097555	1.034442214
41.5	8	0.4333333333	-0.1659097555	1.043499171
41.5	8	0.4416666667	-0.1659097555	1.043776082
41.5	8	0.45	-0.1659097555	1.04323215
41.5	8	0.4583333333	-0.1659097555	1.042678329
46.5	8	0.008333333333	-0.1659097555	0.1834719208
46.5	8	0.01666666667	-0.1698442554	0.1834719208
46.5	8	0.025	-0.1698442554	0.1834719208
46.5	8	0.03333333333	-0.1698442554	0.1834719208
46.5	8	0.04166666667	-0.1698442554	0.182099235
46.5	8	0.05	-0.1698442554	0.1818243022
46.5	8	0.05833333333	-0.1659097555	0.2029684115
46.5	8	0.06666666667	-0.1698442554	0.2188947322
46.5	8	0.075	-0.1698442554	0.2375674136
46.5	8	0.08333333333	-0.1698442554	0.2477270691
46.5	8	0.09166666667	-0.1659097555	0.2974285825
46.5	8	0.1	-0.1698442554	0.3413644197
46.5	8	0.1083333333	-0.1659097555	0.3523478845
46.5	8	0.1166666667	-0.1659097555	0.3927135518
46.5	8	0.125	-0.1659097555	0.4358245907
46.5	8	0.1333333333	-0.1698442554	0.4440626838
46.5	8	0.1416666667	-0.1698442554	0.4687759741
46.5	8	0.15	-0.1659097555	0.4987070531
46.5	8	0.1583333333	-0.1659097555	0.5302857507
46.5	8	0.1666666667	-0.1659097555	0.5431917669
46.5	8	0.175	-0.1698442554	0.5492323758
46.5	8	0.1833333333	-0.1659097555	0.58135995
46.5	8	0.1916666667	-0.1698442554	0.6294138448
46.5	8	0.2	-0.1698442554	0.6508328868
46.5	8	0.2083333333	-0.1659097555	0.673349682
46.5	8	0.2166666667	-0.1698442554	0.6966902865
46.5	8	0.225	-0.1659097555	0.7208547002
46.5	8	0.2333333333	-0.1659097555	0.734309593
46.5	8	0.2416666667	-0.1659097555	0.7592978161
46.5	8	0.25	-0.1659097555	0.7571003319
46.5	8	0.2583333333	-0.1659097555	0.7557276461
46.5	8	0.2666666667	-0.1659097555	0.7560025788
46.5	8	0.275	-0.1659097555	0.7636908064
46.5	8	0.2833333333	-0.1659097555	0.7664371671
46.5	8	0.2916666667	-0.1659097555	0.7700063481
46.5	8	0.3	-0.1659097555	0.7716539668
46.5	8	0.3083333333	-0.1659097555	0.7722038323
46.5	8	0.3166666667	-0.1698442554	0.7903266481
46.5	8	0.325	-0.1659097555	0.8018599785
46.5	8	0.3333333333	-0.1659097555	0.8186101085
46.5	8	0.3416666667	-0.1659097555	0.8342614964
46.5	8	0.35	-0.1659097555	0.835909115
46.5	8	0.3583333333	-0.1659097555	0.8416757802
46.5	8	0.3666666667	-0.1659097555	0.8641925753
46.5	8	0.375	-0.1659097555	0.896870015
46.5	8	0.3833333333	-0.1659097555	0.9059309284
46.5	8	0.3916666667	-0.1659097555	0.9084023564
46.5	8	0.4	-0.1659097555	0.9391572446
46.5	8	0.4083333333	-0.1659097555	0.9707359422
46.5	8	0.4166666667	-0.1659097555	0.9981955932
46.5	8	0.425	-0.1659097555	1.017691095
46.5	8	0.4333333333	-0.1659097555	1.045150746
46.5	8	0.4416666667	-0.1659097555	1.043776082
46.5	8	0.45	-0.1619752557	1.043776082
46.5	8	0.4583333333	-0.1619752557	1.044052993
53	8	0.008333333333	-0.1737787553	0.1807255601
53	8	0.01666666667	-0.1698442554	0.1807255601
53	8	0.025	-0.1698442554	0.1810004929
53	8	0.03333333333	-0.1698442554	0.1840207974
53	8	0.04166666667	-0.1698442554	0.2183458556
53	8	0.05	-0.1698442554	0.2567889715
53	8	0.05833333333	-0.1698442554	0.2897403549
53	8	0.06666666667	-0.1737787553	0.3056666756
53	8	0.075	-0.1698442554	0.3089619128
53	8	0.08333333333	-0.1698442554	0.3443847242
53	8	0.09166666667	-0.1698442554	0.385299268
53	8	0.1	-0.1698442554	0.4358245907
53	8	0.1083333333	-0.1698442554	0.4421401324
53	8	0.1166666667	-0.1698442554	0.4712474021
53	8	0.125	-0.1698442554	0.5269905134
53	8	0.1333333333	-0.1698442554	0.5574704689
53	8	0.1416666667	-0.1698442554	0.554999041
53	8	0.15	-0.1659097555	0.5731218569
53	8	0.1583333333	-0.1659097555	0.6302376541
53	8	0.1666666667	-0.1698442554	0.6780176051
53	8	0.175	-0.1659097555	0.7233261282
53	8	0.1833333333	-0.1659097555	0.7263464326
53	8	0.1916666667	-0.1659097555	0.754629893
53	8	0.2	-0.1659097555	0.7971920554
53	8	0.2083333333	-0.1619752557	0.8238278971
53	8	0.2166666667	-0.1619752557	0.8441472081
53	8	0.225	-0.1659097555	0.8666640033
53	8	0.2333333333	-0.1659097555	0.8696843078
53	8	0.2416666667	-0.1659097555	0.8696843078
53	8	0.25	-0.1659097555	0.8699592405
53	8	0.2583333333	-0.1659097555	0.8724306684
53	8	0.2666666667	-0.1659097555	0.8724306684
53	8	0.275	-0.1659097555	0.8691354312
53	8	0.2833333333	-0.1659097555	0.8803938288
53	8	0.2916666667	-0.1619752557	0.9103249077
53	8	0.3	-0.1659097555	0.9391572446
53	8	0.3083333333	-0.1659097555	0.9369607494
53	8	0.3166666667	-0.1619752557	0.950690575
53	8	0.325	-0.1659097555	0.9765026074
53	8	0.3333333333	-0.1659097555	0.9929778046
53	8	0.3416666667	-0.1619752557	1.001215898
53	8	0.35	-0.1619752557	1.028949493
53	8	0.3583333333	-0.1619752557	1.052567997
53	8	0.3666666667	-0.1619752557	1.052291086
53	8	0.375	-0.1619752557	1.049541758
