# X	Y	time	B	Z
6.5	9.5	0.008333333333	-0.1265325067	0.1999471181
6.5	9.5	0.01666666667	-0.1265325067	0.1999471181
6.5	9.5	0.025	-0.1265325067	0.1999471181
6.5	9.5	0.03333333333	-0.1265325067	0.2002220508
6.5	9.5	0.04166666667	-0.1265325067	0.1999471181
6.5	9.5	0.05	-0.1265325067	0.1996731743
6.5	9.5	0.05833333333	-0.1225980068	0.1999471181
6.5	9.5	0.06666666667	-0.1265325067	0.2002220508
6.5	9.5	0.075	-0.1225980068	0.2002220508
6.5	9.5	0.08333333333	-0.1265325067	0.1999471181
6.5	9.5	0.09166666667	-0.1265325067	0.1999471181
6.5	9.5	0.1	-0.1225980068	0.2054398394
6.5	9.5	0.1083333333	-0.1265325067	0.233448367
6.5	9.5	0.1166666667	-0.1265325067	0.2474521363
6.5	9.5	0.125	-0.1225980068	0.3084130363
6.5	9.5	0.1333333333	-0.1225980068	0.4034220838
6.5	9.5	0.1416666667	-0.1265325067	0.4034220838
6.5	9.5	0.15	-0.1225980068	0.4028732073
6.5	9.5	0.1583333333	-0.1225980068	0.4308817349
6.5	9.5	0.1666666667	-0.1265325067	0.4619115559
6.5	9.5	0.175	-0.1225980068	0.5368752362
6.5	9.5	0.1833333333	-0.1225980068	0.562138392
6.5	9.5	0.1916666667	-0.1265325067	0.562138392
6.5	9.5	0.2	-0.1225980068	0.5662574386
6.5	9.5	0.2083333333	-0.1225980068	0.595638652
6.5	9.5	0.2166666667	-0.1225980068	0.6456150982
6.5	9.5	0.225	-0.1225980068	0.7016321533
6.5	9.5	0.2333333333	-0.1225980068	0.7571003319
6.5	9.5	0.2416666667	-0.1225980068	0.7603955692
6.5	9.5	0.25	-0.1225980068	0.7601216254
6.5	9.5	0.2583333333	-0.1225980068	0.7960933133
6.5	9.5	0.2666666667	-0.1225980068	0.8249256502
6.5	9.5	0.275	-0.1225980068	0.8452459502
6.5	9.5	0.2833333333	-0.1186635069	0.8603484615
6.5	9.5	0.2916666667	-0.1225980068	0.8727056012
6.5	9.5	0.3	-0.1225980068	0.8798449522
6.5	9.5	0.3083333333	-0.1225980068	0.880118896
6.5	9.5	0.3166666667	-0.1225980068	0.8814925708
6.5	9.5	0.325	-0.1225980068	0.8971439588
6.5	9.5	0.3333333333	-0.1225980068	0.9045582426
6.5	9.5	0.3416666667	-0.1225980068	0.9342143888
6.5	9.5	0.35	-0.1225980068	0.9567311839
6.5	9.5	0.3583333333	-0.1225980068	0.9655181536
6.5	9.5	0.3666666667	-0.1225980068	0.9660680191
6.5	9.5	0.375	-0.1265325067	0.978150226
6.5	9.5	0.3833333333	-0.1225980068	0.9896825673
6.5	9.5	0.3916666667	-0.1225980068	1.010002867
6.5	9.5	0.4	-0.1225980068	1.02345776
6.5	9.5	0.4083333333	-0.1225980068	1.022908884
6.5	9.5	0.4166666667	-0.1186635069	1.028675549
6.5	9.5	0.425	-0.1225980068	1.039108159
6.5	9.5	0.4333333333	-0.1225980068	1.056405188
6.5	9.5	0.4416666667	-0.1225980068	1.073712106
6.5	9.5	0.45	-0.1225980068	1.091009135
6.5	9.5	0.4583333333	-0.1225980068	1.091829977
6.5	9.5	0.4666666667	-0.1225980068	1.092106888
6.5	9.5	0.475	-0.1225980068	1.089911381
6.5	9.5	0.4833333333	-0.1225980068	1.089911381
11.5	9.5	0.008333333333	-0.1383360064	0.2015947367
11.5	9.5	0.01666666667	-0.1383360064	0.2015947367
11.5	9.5	0.025	-0.1383360064	0.2015947367
11.5	9.5	0.03333333333	-0.1344015065	0.2013207929
11.5	9.5	0.04166666667	-0.1383360064	0.2013207929
11.5	9.5	0.05	-0.1344015065	0.2015947367
11.5	9.5	0.05833333333	-0.1383360064	0.2015947367
11.5	9.5	0.06666666667	-0.1383360064	0.2015947367
11.5	9.5	0.075	-0.1344015065	0.2015947367
11.5	9.5	0.08333333333	-0.1383360064	0.2013207929
11.5	9.5	0.09166666667	-0.1344015065	0.2013207929
11.5	9.5	0.1	-0.1383360064	0.2065375925
11.5	9.5	0.1083333333	-0.1383360064	0.2389400994
11.5	9.5	0.1166666667	-0.1383360064	0.2839736897
11.5	9.5	0.125	-0.1383360064	0.3331263266
11.5	9.5	0.1333333333	-0.1383360064	0.3800814794
11.5	9.5	0.1416666667	-0.1383360064	0.4242912604
11.5	9.5	0.15	-0.1383360064	0.4237423838
11.5	9.5	0.1583333333	-0.1383360064	0.4289601724
11.5	9.5	0.1666666667	-0.1344015065	0.4413163231
11.5	9.5	0.175	-0.1344015065	0.4509271021
11.5	9.5	0.1833333333	-0.1344015065	0.4778378766
11.5	9.5	0.1916666667	-0.1383360064	0.5102403834
11.5	9.5	0.2	-0.1383360064	0.5525276131
11.5	9.5	0.2083333333	-0.1344015065	0.5923434148
11.5	9.5	0.2166666667	-0.1383360064	0.6044256217
11.5	9.5	0.225	-0.1383360064	0.606348173
11.5	9.5	0.2333333333	-0.1383360064	0.612388782
11.5	9.5	0.2416666667	-0.1344015065	0.6445163561
11.5	9.5	0.25	-0.1344015065	0.6796652237
11.5	9.5	0.2583333333	-0.1383360064	0.713989293
11.5	9.5	0.2666666667	-0.1383360064	0.7502359137
11.5	9.5	0.275	-0.1383360064	0.7873063437
11.5	9.5	0.2833333333	-0.1344015065	0.8186101085
11.5	9.5	0.2916666667	-0.1344015065	0.8092742623
11.5	9.5	0.3	-0.1344015065	0.8153148712
11.5	9.5	0.3083333333	-0.1344015065	0.8468935688
11.5	9.5	0.3166666667	-0.1344015065	0.8672138688
11.5	9.5	0.325	-0.1344015065	0.8787462102
11.5	9.5	0.3333333333	-0.1344015065	0.8946725308
11.5	9.5	0.3416666667	-0.1344015065	0.924329666
11.5	9.5	0.35	-0.1383360064	0.957829926
11.5	9.5	0.3583333333	-0.1383360064	0.9800717884
11.5	9.5	0.3666666667	-0.1344015065	0.9979206604
11.5	9.5	0.375	-0.1344015065	1.001764774
11.5	9.5	0.3833333333	-0.1344015065	1.001764774
11.5	9.5	0.3916666667	-0.1344015065	1.015219667
11.5	9.5	0.4	-0.1344015065	1.030872044
11.5	9.5	0.4083333333	-0.1344015065	1.038831248
11.5	9.5	0.4166666667	-0.1344015065	1.045427657
11.5	9.5	0.425	-0.1344015065	1.054209681
11.5	9.5	0.4333333333	-0.1344015065	1.061626932
11.5	9.5	0.4416666667	-0.1344015065	1.066571766
11.5	9.5	0.45	-0.1344015065	1.074809859
11.5	9.5	0.4583333333	-0.1344015065	1.085520369
11.5	9.5	0.4666666667	-0.1344015065	1.093481551
11.5	9.5	0.475	-0.1344015065	1.093758462
11.5	9.5	0.4833333333	-0.1344015065	1.092106888
11.5	9.5	0.4916666667	-0.1304670066	1.092106888
11.5	9.5	0.5	-0.1344015065	1.091829977
11.5	9.5	0.5083333333	-0.1344015065	1.091829977
16.5	9.5	0.008333333333	-0.1383360064	0.1939065091
16.5	9.5	0.01666666667	-0.1383360064	0.1917100139
16.5	9.5	0.025	-0.1344015065	0.1917100139
16.5	9.5	0.03333333333	-0.1344015065	0.1939065091
16.5	9.5	0.04166666667	-0.1383360064	0.1914350812
16.5	9.5	0.05	-0.1383360064	0.1919839577
16.5	9.5	0.05833333333	-0.1344015065	0.1917100139
16.5	9.5	0.06666666667	-0.1383360064	0.1914350812
16.5	9.5	0.075	-0.1383360064	0.1914350812
16.5	9.5	0.08333333333	-0.1383360064	0.1919839577
16.5	9.5	0.09166666667	-0.1383360064	0.1917100139
16.5	9.5	0.1	-0.1383360064	0.1917100139
16.5	9.5	0.1083333333	-0.1383360064	0.2342721763
16.5	9.5	0.1166666667	-0.1344015065	0.2779320918
16.5	9.5	0.125	-0.1383360064	0.2812273291
16.5	9.5	0.1333333333	-0.1383360064	0.3070393615
16.5	9.5	0.1416666667	-0.1383360064	0.3306548987
16.5	9.5	0.15	-0.1383360064	0.361409787
16.5	9.5	0.1583333333	-0.1383360064	0.3627824728
16.5	9.5	0.1666666667	-0.1383360064	0.3636062821
16.5	9.5	0.175	-0.1344015065	0.3957338562
16.5	9.5	0.1833333333	-0.1383360064	0.4061684445
16.5	9.5	0.1916666667	-0.1344015065	0.4196233373
16.5	9.5	0.2	-0.1383360064	0.4215458887
16.5	9.5	0.2083333333	-0.1383360064	0.4739937628
16.5	9.5	0.2166666667	-0.1383360064	0.517928611
16.5	9.5	0.225	-0.1383360064	0.517928611
16.5	9.5	0.2333333333	-0.1383360064	0.5591180876
16.5	9.5	0.2416666667	-0.1344015065	0.5989338893
16.5	9.5	0.25	-0.1344015065	0.6379268706
16.5	9.5	0.2583333333	-0.1383360064	0.6382008144
16.5	9.5	0.2666666667	-0.1383360064	0.6604436658
16.5	9.5	0.275	-0.1383360064	0.7128905509
16.5	9.5	0.2833333333	-0.1383360064	0.7334857837
16.5	9.5	0.2916666667	-0.1344015065	0.7326619744
16.5	9.5	0.3	-0.1344015065	0.7658882906
16.5	9.5	0.3083333333	-0.1344015065	0.8037815409
16.5	9.5	0.3166666667	-0.1383360064	0.8309672481
16.5	9.5	0.325	-0.1344015065	0.8326148667
16.5	9.5	0.3333333333	-0.1383360064	0.846618636
16.5	9.5	0.3416666667	-0.1383360064	0.865840194
16.5	9.5	0.35	-0.1344015065	0.8661151267
16.5	9.5	0.3583333333	-0.1344015065	0.8663900595
16.5	9.5	0.3666666667	-0.1383360064	0.8768246477
16.5	9.5	0.375	-0.1344015065	0.8982427008
16.5	9.5	0.3833333333	-0.1344015065	0.9369607494
16.5	9.5	0.3916666667	-0.1383360064	0.9608502305
16.5	9.5	0.4	-0.1344015065	0.9811705305
16.5	9.5	0.4083333333	-0.1344015065	0.9822682836
16.5	9.5	0.4166666667	-0.1383360064	1.001764774
16.5	9.5	0.425	-0.1344015065	1.004511135
16.5	9.5	0.4333333333	-0.1344015065	1.007806372
16.5	9.5	0.4416666667	-0.1344015065	1.006982563
16.5	9.5	0.45	-0.1344015065	1.013023172
16.5	9.5	0.4583333333	-0.1344015065	1.017142218
16.5	9.5	0.4666666667	-0.1344015065	1.024281569
16.5	9.5	0.475	-0.1344015065	1.037466474
16.5	9.5	0.4833333333	-0.1344015065	1.049541758
16.5	9.5	0.4916666667	-0.1344015065	1.063822438
16.5	9.5	0.5	-0.1344015065	1.074532948
16.5	9.5	0.5083333333	-0.1344015065	1.081396378
16.5	9.5	0.5166666667	-0.1344015065	1.083591884
16.5	9.5	0.525	-0.1344015065	1.083314973
16.5	9.5	0.5333333333	-0.1344015065	1.086618122
16.5	9.5	0.5416666667	-0.1344015065	1.086885143
16.5	9.5	0.55	-0.1344015065	1.084145705
16.5	9.5	0.5583333333	-0.1344015065	1.083868795
21.5	9.5	0.008333333333	-0.1383360064	0.1864922253
21.5	9.5	0.01666666667	-0.1383360064	0.1867671581
21.5	9.5	0.025	-0.1383360064	0.1969268136
21.5	9.5	0.03333333333	-0.1383360064	0.2216401039
21.5	9.5	0.04166666667	-0.1383360064	0.2323496249
21.5	9.5	0.05	-0.1344015065	0.2408626508
21.5	9.5	0.05833333333	-0.1383360064	0.2526699249
21.5	9.5	0.06666666667	-0.1383360064	0.2713426063
21.5	9.5	0.075	-0.1383360064	0.280129576
21.5	9.5	0.08333333333	-0.1383360064	0.2919368501
21.5	9.5	0.09166666667	-0.1383360064	0.3204952432
21.5	9.5	0.1	-0.1383360064	0.3498764566
21.5	9.5	0.1083333333	-0.1383360064	0.368549138
21.5	9.5	0.1166666667	-0.1423027562	0.3784338607
21.5	9.5	0.125	-0.1383360064	0.3759634218
21.5	9.5	0.1333333333	-0.1383360064	0.4023243307
21.5	9.5	0.1416666667	-0.1383360064	0.4319804769
21.5	9.5	0.15	-0.1383360064	0.4517509114
21.5	9.5	0.1583333333	-0.1383360064	0.4734438972
21.5	9.5	0.1666666667	-0.1344015065	0.4989819859
21.5	9.5	0.175	-0.1344015065	0.5308346272
21.5	9.5	0.1833333333	-0.1344015065	0.5335799989
21.5	9.5	0.1916666667	-0.1344015065	0.5368752362
21.5	9.5	0.2	-0.1344015065	0.5401704734
21.5	9.5	0.2083333333	-0.1383360064	0.5533514224
21.5	9.5	0.2166666667	-0.1344015065	0.5794373986
21.5	9.5	0.225	-0.1383360064	0.5997576986
21.5	9.5	0.2333333333	-0.1383360064	0.6225494265
21.5	9.5	0.2416666667	-0.1383360064	0.6431436703
21.5	9.5	0.25	-0.1344015065	0.6802141003
21.5	9.5	0.2583333333	-0.1344015065	0.7054772561
21.5	9.5	0.2666666667	-0.1383360064	0.737878774
21.5	9.5	0.275	-0.1344015065	0.7406251347
21.5	9.5	0.2833333333	-0.1383360064	0.7428216299
21.5	9.5	0.2916666667	-0.1383360064	0.7447441813
21.5	9.5	0.3	-0.1344015065	0.7647895485
21.5	9.5	0.3083333333	-0.1344015065	0.7831872971
21.5	9.5	0.3166666667	-0.1383360064	0.7944456947
21.5	9.5	0.325	-0.1344015065	0.8224542223
21.5	9.5	0.3333333333	-0.1344015065	0.8370078571
21.5	9.5	0.3416666667	-0.1383360064	0.8457948267
21.5	9.5	0.35	-0.1344015065	0.8548567291
21.5	9.5	0.3583333333	-0.1344015065	0.8545817964
21.5	9.5	0.3666666667	-0.1344015065	0.8545817964
21.5	9.5	0.375	-0.1344015065	0.8548567291
21.5	9.5	0.3833333333	-0.1383360064	0.8548567291
21.5	9.5	0.3916666667	-0.1344015065	0.8548567291
21.5	9.5	0.4	-0.1344015065	0.8543078526
21.5	9.5	0.4083333333	-0.1344015065	0.8543078526
21.5	9.5	0.4166666667	-0.1344015065	0.8644675081
21.5	9.5	0.425	-0.1344015065	0.8743532198
21.5	9.5	0.4333333333	-0.1383360064	0.886160494
21.5	9.5	0.4416666667	-0.1383360064	0.8960462057
21.5	9.5	0.45	-0.1383360064	0.9034595005
21.5	9.5	0.4583333333	-0.1344015065	0.9070296705
21.5	9.5	0.4666666667	-0.1344015065	0.9108737843
21.5	9.5	0.475	-0.1383360064	0.9166404495
21.5	9.5	0.4833333333	-0.1383360064	0.9246036098
21.5	9.5	0.4916666667	-0.1344015065	0.933940445
21.5	9.5	0.5	-0.1344015065	0.9479442143
21.5	9.5	0.5083333333	-0.1344015065	0.9605752977
21.5	9.5	0.5166666667	-0.1344015065	0.9734813139
21.5	9.5	0.525	-0.1344015065	0.9847397115
21.5	9.5	0.5333333333	-0.1344015065	0.9976457277
21.5	9.5	0.5416666667	-0.1383360064	1.010551744
21.5	9.5	0.55	-0.1383360064	1.024556502
21.5	9.5	0.5583333333	-0.1344015065	1.035265034
21.5	9.5	0.5666666667	-0.1344015065	1.04652541
21.5	9.5	0.575	-0.1344015065	1.055307435
21.5	9.5	0.5833333333	-0.1344015065	1.065197102
21.5	9.5	0.5916666667	-0.1344015065	1.070408957
21.5	9.5	0.6	-0.1344015065	1.069311204
21.5	9.5	0.6083333333	-0.1383360064	1.068213451
21.5	9.5	0.6166666667	-0.1344015065	1.068213451
26.5	9.5	0.008333333333	-0.1383360064	0.1810004929
26.5	9.5	0.01666666667	-0.1383360064	0.1810004929
26.5	9.5	0.025	-0.1383360064	0.1810004929
26.5	9.5	0.03333333333	-0.1383360064	0.1810004929
26.5	9.5	0.04166666667	-0.1383360064	0.1810004929
26.5	9.5	0.05	-0.1383360064	0.1944553857
26.5	9.5	0.05833333333	-0.1383360064	0.2087350767
26.5	9.5	0.06666666667	-0.1423027562	0.2323496249
26.5	9.5	0.075	-0.1383360064	0.2474521363
26.5	9.5	0.08333333333	-0.1423027562	0.257337848
26.5	9.5	0.09166666667	-0.1383360064	0.257337848
26.5	9.5	0.1	-0.1383360064	0.2617318273
26.5	9.5	0.1083333333	-0.1383360064	0.2905641642
26.5	9.5	0.1166666667	-0.1383360064	0.3084130363
26.5	9.5	0.125	-0.1383360064	0.3438358477
26.5	9.5	0.1333333333	-0.1383360064	0.3572907404
26.5	9.5	0.1416666667	-0.1383360064	0.3572907404
26.5	9.5	0.15	-0.1383360064	0.3636062821
26.5	9.5	0.1583333333	-0.1423027562	0.3847503914
26.5	9.5	0.1666666667	-0.1383360064	0.4179757187
26.5	9.5	0.175	-0.1383360064	0.44021857
26.5	9.5	0.1833333333	-0.1383360064	0.4572426438
26.5	9.5	0.1916666667	-0.1383360064	0.483329609
26.5	9.5	0.2	-0.1344015065	0.5074940227
26.5	9.5	0.2083333333	-0.1383360064	0.5302857507
26.5	9.5	0.2166666667	-0.1383360064	0.5580193455
26.5	9.5	0.225	-0.1383360064	0.5895980431
26.5	9.5	0.2333333333	-0.1383360064	0.6079957917
26.5	9.5	0.2416666667	-0.1383360064	0.629139901
26.5	9.5	0.25	-0.1383360064	0.6384757472
26.5	9.5	0.2583333333	-0.1383360064	0.6376519379
26.5	9.5	0.2666666667	-0.1383360064	0.6467138403
26.5	9.5	0.275	-0.1383360064	0.6692306354
26.5	9.5	0.2833333333	-0.1383360064	0.697239163
26.5	9.5	0.2916666667	-0.1383360064	0.7063010654
26.5	9.5	0.3	-0.1383360064	0.7238750047
26.5	9.5	0.3083333333	-0.1383360064	0.7422727533
26.5	9.5	0.3166666667	-0.1423027562	0.7535311509
26.5	9.5	0.325	-0.1383360064	0.7908755247
26.5	9.5	0.3333333333	-0.1383360064	0.8037815409
26.5	9.5	0.3416666667	-0.1383360064	0.8051552157
26.5	9.5	0.35	-0.1383360064	0.8175113664
26.5	9.5	0.3583333333	-0.1383360064	0.8345364291
26.5	9.5	0.3666666667	-0.1383360064	0.8565043478
26.5	9.5	0.375	-0.1383360064	0.8803938288
26.5	9.5	0.3833333333	-0.1383360064	0.9009890615
26.5	9.5	0.3916666667	-0.1383360064	0.9018118819
26.5	9.5	0.4	-0.1383360064	0.9023617474
26.5	9.5	0.4083333333	-0.1383360064	0.9051071191
26.5	9.5	0.4166666667	-0.1383360064	0.9235058567
26.5	9.5	0.425	-0.1383360064	0.9383334353
26.5	9.5	0.4333333333	-0.1383360064	0.9504156422
26.5	9.5	0.4416666667	-0.1383360064	0.9581038698
26.5	9.5	0.45	-0.1383360064	0.9688133908
26.5	9.5	0.4583333333	-0.1383360064	0.978150226
26.5	9.5	0.4666666667	-0.1383360064	0.9910552532
26.5	9.5	0.475	-0.1383360064	1.001215898
26.5	9.5	0.4833333333	-0.1383360064	1.014395858
26.5	9.5	0.4916666667	-0.1344015065	1.024007626
26.5	9.5	0.5	-0.1344015065	1.034442214
26.5	9.5	0.5083333333	-0.1383360064	1.040205912
26.5	9.5	0.5166666667	-0.1383360064	1.037733495
26.5	9.5	0.525	-0.1383360064	1.036363776
31.5	9.5	0.008333333333	-0.1383360064	0.1812754257
31.5	9.5	0.01666666667	-0.1383360064	0.179627807
31.5	9.5	0.025	-0.1383360064	0.1815493695
31.5	9.5	0.03333333333	-0.1423027562	0.1804516164
31.5	9.5	0.04166666667	-0.1423027562	0.1919839577
31.5	9.5	0.05	-0.1383360064	0.2106566391
31.5	9.5	0.05833333333	-0.1423027562	0.2213661601
31.5	9.5	0.06666666667	-0.1383360064	0.2287804439
31.5	9.5	0.075	-0.1383360064	0.2419604039
31.5	9.5	0.08333333333	-0.1383360064	0.2584365901
31.5	9.5	0.09166666667	-0.1383360064	0.2743629108
31.5	9.5	0.1	-0.1383360064	0.2996250777
31.5	9.5	0.1083333333	-0.1383360064	0.318297759
31.5	9.5	0.1166666667	-0.1383360064	0.3355977546
31.5	9.5	0.125	-0.1383360064	0.355368189
31.5	9.5	0.1333333333	-0.1383360064	0.381729098
31.5	9.5	0.1416666667	-0.1383360064	0.3910659331
31.5	9.5	0.15	-0.1383360064	0.3954589235
31.5	9.5	0.1583333333	-0.1383360064	0.3957338562
31.5	9.5	0.1666666667	-0.1383360064	0.4025982745
31.5	9.5	0.175	-0.1383360064	0.4300579255
31.5	9.5	0.1833333333	-0.1423027562	0.4492794835
31.5	9.5	0.1916666667	-0.1383360064	0.4761902579
31.5	9.5	0.2	-0.1383360064	0.5025511669
31.5	9.5	0.2083333333	-0.1383360064	0.5316584365
31.5	9.5	0.2166666667	-0.1383360064	0.5566466596
31.5	9.5	0.225	-0.1383360064	0.5827326358
31.5	9.5	0.2333333333	-0.1383360064	0.6101922868
31.5	9.5	0.2416666667	-0.1383360064	0.6112910289
31.5	9.5	0.25	-0.1423027562	0.6121148382
31.5	9.5	0.2583333333	-0.1383360064	0.6502830213
31.5	9.5	0.2666666667	-0.1383360064	0.6648366561
31.5	9.5	0.275	-0.1383360064	0.6810379096
31.5	9.5	0.2833333333	-0.1383360064	0.7052023233
31.5	9.5	0.2916666667	-0.1344015065	0.7277191185
31.5	9.5	0.3	-0.1383360064	0.765338425
31.5	9.5	0.3083333333	-0.1383360064	0.7895028388
31.5	9.5	0.3166666667	-0.1383360064	0.8139421854
31.5	9.5	0.325	-0.1383360064	0.8295935733
31.5	9.5	0.3333333333	-0.1383360064	0.8581519664
31.5	9.5	0.3416666667	-0.1383360064	0.8768246477
31.5	9.5	0.35	-0.1383360064	0.8971439588
31.5	9.5	0.3583333333	-0.1383360064	0.9144439543
31.5	9.5	0.3666666667	-0.1383360064	0.9141690215
31.5	9.5	0.375	-0.1383360064	0.9141690215
31.5	9.5	0.3833333333	-0.1383360064	0.9141690215
31.5	9.5	0.3916666667	-0.1383360064	0.9180131353
31.5	9.5	0.4	-0.1383360064	0.9424524819
31.5	9.5	0.4083333333	-0.1383360064	0.957829926
31.5	9.5	0.4166666667	-0.1383360064	0.9657930863
31.5	9.5	0.425	-0.1383360064	0.9847397115
31.5	9.5	0.4333333333	-0.1383360064	0.9962730418
31.5	9.5	0.4416666667	-0.1383360064	1.006982563
31.5	9.5	0.45	-0.1383360064	1.020712388
31.5	9.5	0.4583333333	-0.1383360064	1.033618405
31.5	9.5	0.4666666667	-0.1383360064	1.040759734
31.5	9.5	0.475	-0.1383360064	1.041303665
31.5	9.5	0.4833333333	-0.1383360064	1.041303665
31.5	9.5	0.4916666667	-0.1383360064	1.039929001
36.5	9.5	0.008333333333	-0.1423027562	0.1810004929
36.5	9.5	0.01666666667	-0.1423027562	0.1807255601
36.5	9.5	0.025	-0.1423027562	0.1881398439
36.5	9.5	0.03333333333	-0.1423027562	0.2079112674
36.5	9.5	0.04166666667	-0.1383360064	0.222738846
36.5	9.5	0.05	-0.1383360064	0.2372924808
36.5	9.5	0.05833333333	-0.1423027562	0.2543175436
36.5	9.5	0.06666666667	-0.1423027562	0.2746378435
36.5	9.5	0.075	-0.1423027562	0.2999000104
36.5	9.5	0.08333333333	-0.1423027562	0.3235155477
36.5	9.5	0.09166666667	-0.1383360064	0.3265358521
36.5	9.5	0.1	-0.1383360064	0.324339357
36.5	9.5	0.1083333333	-0.1383360064	0.3501513894
36.5	9.5	0.1166666667	-0.1383360064	0.3836516494
36.5	9.5	0.125	-0.1383360064	0.4089148052
36.5	9.5	0.1333333333	-0.1423027562	0.4328042862
36.5	9.5	0.1416666667	-0.1383360064	0.4531245862
36.5	9.5	0.15	-0.1383360064	0.4748175721
36.5	9.5	0.1583333333	-0.1383360064	0.4981581765
36.5	9.5	0.1666666667	-0.1423027562	0.5184774876
36.5	9.5	0.175	-0.1383360064	0.5264406479
36.5	9.5	0.1833333333	-0.1383360064	0.5272644572
36.5	9.5	0.1916666667	-0.1383360064	0.5420930248
36.5	9.5	0.2	-0.1383360064	0.5668063151
36.5	9.5	0.2083333333	-0.1383360064	0.5961885175
36.5	9.5	0.2166666667	-0.1383360064	0.6211767406
36.5	9.5	0.225	-0.1423027562	0.6414960517
36.5	9.5	0.2333333333	-0.1383360064	0.6634639703
36.5	9.5	0.2416666667	-0.1423027562	0.6969642302
36.5	9.5	0.25	-0.1383360064	0.700808344
36.5	9.5	0.2583333333	-0.1383360064	0.7126166071
36.5	9.5	0.2666666667	-0.1423027562	0.7340346602
36.5	9.5	0.275	-0.1383360064	0.7579241413
36.5	9.5	0.2833333333	-0.1383360064	0.782088555
36.5	9.5	0.2916666667	-0.1383360064	0.8183351757
36.5	9.5	0.3	-0.1383360064	0.8219053457
36.5	9.5	0.3083333333	-0.1383360064	0.8216304129
36.5	9.5	0.3166666667	-0.1383360064	0.8328888105
36.5	9.5	0.325	-0.1423027562	0.8581519664
36.5	9.5	0.3333333333	-0.1423027562	0.8878081126
36.5	9.5	0.3416666667	-0.1383360064	0.9133452122
36.5	9.5	0.35	-0.1383360064	0.933940445
36.5	9.5	0.3583333333	-0.1383360064	0.9589276791
36.5	9.5	0.3666666667	-0.1423027562	0.9759527418
36.5	9.5	0.375	-0.1423027562	0.9938016139
36.5	9.5	0.3833333333	-0.1383360064	0.9951742998
36.5	9.5	0.3916666667	-0.1383360064	1.002588584
36.5	9.5	0.4	-0.1462372561	1.0154946
36.5	9.5	0.4083333333	-0.1423027562	1.031146977
36.5	9.5	0.4166666667	-0.1423027562	1.040205912
36.5	9.5	0.425	-0.1383360064	1.049274737
36.5	9.5	0.4333333333	-0.1383360064	1.045150746
36.5	9.5	0.4416666667	-0.1423027562	1.040482823
41.5	9.5	0.008333333333	-0.1383360064	0.1810004929
41.5	9.5	0.01666666667	-0.1383360064	0.1810004929
41.5	9.5	0.025	-0.1423027562	0.1810004929
41.5	9.5	0.03333333333	-0.1423027562	0.1799017508
41.5	9.5	0.04166666667	-0.1423027562	0.1810004929
41.5	9.5	0.05	-0.1383360064	0.2002220508
41.5	9.5	0.05833333333	-0.1423027562	0.2188947322
41.5	9.5	0.06666666667	-0.1383360064	0.2287804439
41.5	9.5	0.075	-0.1383360064	0.2463543832
41.5	9.5	0.08333333333	-0.1383360064	0.2688711784
41.5	9.5	0.09166666667	-0.1383360064	0.2913879735
41.5	9.5	0.1	-0.1383360064	0.320769187
41.5	9.5	0.1083333333	-0.1383360064	0.3413644197
41.5	9.5	0.1166666667	-0.1423027562	0.3682742052
41.5	9.5	0.125	-0.1383360064	0.392438619
41.5	9.5	0.1333333333	-0.1383360064	0.4058935118
41.5	9.5	0.1416666667	-0.1383360064	0.4347258486
41.5	9.5	0.15	-0.1423027562	0.4350007814
41.5	9.5	0.1583333333	-0.1383360064	0.4344519049
41.5	9.5	0.1666666667	-0.1383360064	0.4591651952
41.5	9.5	0.175	-0.1383360064	0.4948629393
41.5	9.5	0.1833333333	-0.1383360064	0.5201251062
41.5	9.5	0.1916666667	-0.1383360064	0.5398965296
41.5	9.5	0.2	-0.1383360064	0.5706504289
41.5	9.5	0.2083333333	-0.1383360064	0.5950897755
41.5	9.5	0.2166666667	-0.1383360064	0.6167827613
41.5	9.5	0.225	-0.1383360064	0.6346316334
41.5	9.5	0.2333333333	-0.1423027562	0.6700544447
41.5	9.5	0.2416666667	-0.1383360064	0.6911975651
41.5	9.5	0.25	-0.1383360064	0.7087724933
41.5	9.5	0.2583333333	-0.1423027562	0.7090464371
41.5	9.5	0.2666666667	-0.1383360064	0.7090464371
41.5	9.5	0.275	-0.1383360064	0.7219524533
41.5	9.5	0.2833333333	-0.1383360064	0.7441953047
41.5	9.5	0.2916666667	-0.1383360064	0.7625930533
41.5	9.5	0.3	-0.1423027562	0.7897777716
41.5	9.5	0.3083333333	-0.1383360064	0.8117456902
41.5	9.5	0.3166666667	-0.1383360064	0.8312411919
41.5	9.5	0.325	-0.1383360064	0.8551316619
41.5	9.5	0.3333333333	-0.1383360064	0.8746271636
41.5	9.5	0.3416666667	-0.1383360064	0.9009890615
41.5	9.5	0.35	-0.1423027562	0.9229559912
41.5	9.5	0.3583333333	-0.1383360064	0.9454727863
41.5	9.5	0.3666666667	-0.1423027562	0.9660680191
41.5	9.5	0.375	-0.1423027562	0.9844657677
41.5	9.5	0.3833333333	-0.1423027562	0.9938016139
41.5	9.5	0.3916666667	-0.1423027562	0.9951742998
41.5	9.5	0.4	-0.1423027562	1.000392088
41.5	9.5	0.4083333333	-0.1423027562	1.011650486
41.5	9.5	0.4166666667	-0.1423027562	1.02702793
41.5	9.5	0.425	-0.1423027562	1.032794595
41.5	9.5	0.4333333333	-0.1423027562	1.032519663
41.5	9.5	0.4416666667	-0.1423027562	1.033343472
41.5	9.5	0.45	-0.1423027562	1.033068539
46.5	9.5	0.008333333333	-0.1423027562	0.1801766836
46.5	9.5	0.01666666667	-0.1423027562	0.1799017508
46.5	9.5	0.025	-0.1423027562	0.1799017508
46.5	9.5	0.03333333333	-0.1423027562	0.1799017508
46.5	9.5	0.04166666667	-0.1423027562	0.1810004929
46.5	9.5	0.05	-0.1423027562	0.1996731743
46.5	9.5	0.05833333333	-0.1423027562	0.2232877225
46.5	9.5	0.06666666667	-0.1423027562	0.239488976
46.5	9.5	0.075	-0.1423027562	0.2631045132
46.5	9.5	0.08333333333	-0.1423027562	0.2889165456
46.5	9.5	0.09166666667	-0.1383360064	0.3161012639
46.5	9.5	0.1	-0.1383360064	0.3224168056
46.5	9.5	0.1083333333	-0.1423027562	0.321867929
46.5	9.5	0.1166666667	-0.1383360064	0.3369704404
46.5	9.5	0.125	-0.1383360064	0.357839617
46.5	9.5	0.1333333333	-0.1383360064	0.375688489
46.5	9.5	0.1416666667	-0.1383360064	0.3907910004
46.5	9.5	0.15	-0.1383360064	0.4086398725
46.5	9.5	0.1583333333	-0.1383360064	0.4182506514
46.5	9.5	0.1666666667	-0.1383360064	0.4325293535
46.5	9.5	0.175	-0.1383360064	0.4712474021
46.5	9.5	0.1833333333	-0.1383360064	0.4943130738
46.5	9.5	0.1916666667	-0.1383360064	0.5209489155
46.5	9.5	0.2	-0.1383360064	0.5431917669
46.5	9.5	0.2083333333	-0.1383360064	0.5475847572
46.5	9.5	0.2166666667	-0.1383360064	0.5481336338
46.5	9.5	0.225	-0.1383360064	0.5676301244
46.5	9.5	0.2333333333	-0.1383360064	0.595638652
46.5	9.5	0.2416666667	-0.1423027562	0.6288649682
46.5	9.5	0.25	-0.1383360064	0.6670341403
46.5	9.5	0.2583333333	-0.1383360064	0.7073988185
46.5	9.5	0.2666666667	-0.1383360064	0.7337607164
46.5	9.5	0.275	-0.1383360064	0.7337607164
46.5	9.5	0.2833333333	-0.1423027562	0.7351334023
46.5	9.5	0.2916666667	-0.1383360064	0.7554537023
46.5	9.5	0.3	-0.1383360064	0.7862076016
46.5	9.5	0.3083333333	-0.1383360064	0.8164136133
46.5	9.5	0.3166666667	-0.1462372561	0.850188806
46.5	9.5	0.325	-0.1423027562	0.8776484571
46.5	9.5	0.3333333333	-0.1423027562	0.9018118819
46.5	9.5	0.3416666667	-0.1462372561	0.8990665102
46.5	9.5	0.35	-0.1423027562	0.904009366
46.5	9.5	0.3583333333	-0.1462372561	0.9298213984
46.5	9.5	0.3666666667	-0.1462372561	0.9548096215
46.5	9.5	0.375	-0.1462372561	0.9795229118
46.5	9.5	0.3833333333	-0.1462372561	0.9921539953
46.5	9.5	0.3916666667	-0.1462372561	1.015769533
46.5	9.5	0.4	-0.1462372561	1.019888579
46.5	9.5	0.4083333333	-0.150171756	1.031970786
46.5	9.5	0.4166666667	-0.1462372561	1.040482823
46.5	9.5	0.425	-0.1462372561	1.040482823
46.5	9.5	0.4333333333	-0.1462372561	1.040205912
46.5	9.5	0.4416666667	-0.150171756	1.037466474
46.5	9.5	0.45	-0.150171756	1.037187586
53	9.5	0.008333333333	-0.1423027562	0.1810004929
53	9.5	0.01666666667	-0.1462372561	0.1810004929
53	9.5	0.025	-0.150171756	0.1812754257
53	9.5	0.03333333333	-0.1462372561	0.1810004929
53	9.5	0.04166666667	-0.1462372561	0.1807255601
53	9.5	0.05	-0.1462372561	0.1950052512
53	9.5	0.05833333333	-0.1423027562	0.2106566391
53	9.5	0.06666666667	-0.1423027562	0.2274067691
53	9.5	0.075	-0.1462372561	0.2523949922
53	9.5	0.08333333333	-0.1423027562	0.2754616529
53	9.5	0.09166666667	-0.1423027562	0.3009987525
53	9.5	0.1	-0.1423027562	0.3325764611
53	9.5	0.1083333333	-0.1423027562	0.3490526473
53	9.5	0.1166666667	-0.1383360064	0.3710205659
53	9.5	0.125	-0.1383360064	0.3710205659
53	9.5	0.1333333333	-0.1423027562	0.3759634218
53	9.5	0.1416666667	-0.1423027562	0.4045208259
53	9.5	0.15	-0.1383360064	0.4267626883
53	9.5	0.1583333333	-0.1383360064	0.4501032928
53	9.5	0.1666666667	-0.1383360064	0.4739937628
53	9.5	0.175	-0.1383360064	0.4967845017
53	9.5	0.1833333333	-0.1383360064	0.5258917714
53	9.5	0.1916666667	-0.1383360064	0.5599418969
53	9.5	0.2	-0.1383360064	0.5981100799
53	9.5	0.2083333333	-0.1423027562	0.6181554472
53	9.5	0.2166666667	-0.1383360064	0.6181554472
53	9.5	0.225	-0.1423027562	0.6384757472
53	9.5	0.2333333333	-0.1423027562	0.6780176051
53	9.5	0.2416666667	-0.1423027562	0.7038296375
53	9.5	0.25	-0.1423027562	0.7126166071
53	9.5	0.2583333333	-0.1423027562	0.7496870371
53	9.5	0.2666666667	-0.1423027562	0.7735765181
53	9.5	0.275	-0.1423027562	0.8216304129
53	9.5	0.2833333333	-0.1462372561	0.859799585
53	9.5	0.2916666667	-0.150171756	0.8831401895
53	9.5	0.3	-0.1462372561	0.9045582426
53	9.5	0.3083333333	-0.150171756	0.9037344333
53	9.5	0.3166666667	-0.150171756	0.9235058567
53	9.5	0.325	-0.1541062559	0.9394321774
53	9.5	0.3333333333	-0.1541062559	0.9792479791
53	9.5	0.3416666667	-0.1541062559	0.9844657677
53	9.5	0.35	-0.1541062559	0.9954492325
53	9.5	0.3583333333	-0.1580407558	1.006432697
53	9.5	0.3666666667	-0.1580407558	1.011101609
53	9.5	0.375	-0.1580407558	1.013023172
53	9.5	0.3833333333	-0.1619752557	1.011650486
