# X	Y	time	B	Z
6.5	3.5	0.008333333333	-0.1383360064	0.1818243022
6.5	3.5	0.01666666667	-0.1344015065	0.179627807
6.5	3.5	0.025	-0.1383360064	0.1799017508
6.5	3.5	0.03333333333	-0.1383360064	0.179627807
6.5	3.5	0.04166666667	-0.1383360064	0.1807255601
6.5	3.5	0.05	-0.1383360064	0.1810004929
6.5	3.5	0.05833333333	-0.1383360064	0.1944553857
6.5	3.5	0.06666666667	-0.1383360064	0.2114804484
6.5	3.5	0.075	-0.1383360064	0.2175220463
6.5	3.5	0.08333333333	-0.1383360064	0.2449807084
6.5	3.5	0.09166666667	-0.1383360064	0.2644771991
6.5	3.5	0.1	-0.1383360064	0.2721664156
6.5	3.5	0.1083333333	-0.1383360064	0.2938594015
6.5	3.5	0.1166666667	-0.1344015065	0.3136298359
6.5	3.5	0.125	-0.1344015065	0.3320275846
6.5	3.5	0.1333333333	-0.1344015065	0.3405406104
6.5	3.5	0.1416666667	-0.1383360064	0.3460323428
6.5	3.5	0.15	-0.1383360064	0.3732170611
6.5	3.5	0.1583333333	-0.1383360064	0.3842005259
6.5	3.5	0.1666666667	-0.1383360064	0.3831027728
6.5	3.5	0.175	-0.1383360064	0.4050697025
6.5	3.5	0.1833333333	-0.1344015065	0.4300579255
6.5	3.5	0.1916666667	-0.1344015065	0.442689998
6.5	3.5	0.2	-0.1383360064	0.4424150652
6.5	3.5	0.2083333333	-0.1344015065	0.4577925093
6.5	3.5	0.2166666667	-0.1344015065	0.4660306024
6.5	3.5	0.225	-0.1383360064	0.4794854952
6.5	3.5	0.2333333333	-0.1344015065	0.4822308669
6.5	3.5	0.2416666667	-0.1304670066	0.4794854952
6.5	3.5	0.25	-0.1344015065	0.4822308669
6.5	3.5	0.2583333333	-0.1383360064	0.5047476621
6.5	3.5	0.2666666667	-0.1344015065	0.5050225948
6.5	3.5	0.275	-0.1344015065	0.5236952762
6.5	3.5	0.2833333333	-0.1344015065	0.5522526803
6.5	3.5	0.2916666667	-0.1383360064	0.5560967941
6.5	3.5	0.3	-0.1344015065	0.5761431503
6.5	3.5	0.3083333333	-0.1344015065	0.6041516779
6.5	3.5	0.3166666667	-0.1344015065	0.6170576941
6.5	3.5	0.325	-0.1344015065	0.6285900354
6.5	3.5	0.3333333333	-0.1344015065	0.6313363961
6.5	3.5	0.3416666667	-0.1344015065	0.6302376541
6.5	3.5	0.35	-0.1383360064	0.639848433
6.5	3.5	0.3583333333	-0.1383360064	0.6472627168
6.5	3.5	0.3666666667	-0.1344015065	0.659069991
6.5	3.5	0.375	-0.1344015065	0.676918863
6.5	3.5	0.3833333333	-0.1344015065	0.6857058327
6.5	3.5	0.3916666667	-0.1344015065	0.6986118489
6.5	3.5	0.4	-0.1383360064	0.7266203764
6.5	3.5	0.4083333333	-0.1383360064	0.7400762582
6.5	3.5	0.4166666667	-0.1383360064	0.7472156092
6.5	3.5	0.425	-0.1383360064	0.7609454347
6.5	3.5	0.4333333333	-0.1344015065	0.7724777761
6.5	3.5	0.4416666667	-0.1344015065	0.7980158647
6.5	3.5	0.45	-0.1344015065	0.8257494595
6.5	3.5	0.4583333333	-0.1344015065	0.8504627498
6.5	3.5	0.4666666667	-0.1383360064	0.8595246522
6.5	3.5	0.475	-0.1383360064	0.8727056012
6.5	3.5	0.4833333333	-0.1344015065	0.8965950822
6.5	3.5	0.4916666667	-0.1344015065	0.907578547
6.5	3.5	0.5	-0.1383360064	0.9177391915
6.5	3.5	0.5083333333	-0.1344015065	0.9251524863
6.5	3.5	0.5166666667	-0.1383360064	0.9386083681
6.5	3.5	0.525	-0.1383360064	0.9575549932
6.5	3.5	0.5333333333	-0.1383360064	0.9715597515
6.5	3.5	0.5416666667	-0.1383360064	0.975678798
6.5	3.5	0.55	-0.1423027562	0.975678798
6.5	3.5	0.5583333333	-0.1383360064	0.9732073701
6.5	3.5	0.5666666667	-0.1344015065	0.972108628
6.5	3.5	0.575	-0.1383360064	0.974580056
21.5	3.5	0.008333333333	-0.1383360064	0.1812754257
21.5	3.5	0.01666666667	-0.1423027562	0.1815493695
21.5	3.5	0.025	-0.1383360064	0.1815493695
21.5	3.5	0.03333333333	-0.1423027562	0.1812754257
21.5	3.5	0.04166666667	-0.1423027562	0.1815493695
21.5	3.5	0.05	-0.1383360064	0.1815493695
21.5	3.5	0.05833333333	-0.1423027562	0.1801766836
21.5	3.5	0.06666666667	-0.1383360064	0.1807255601
21.5	3.5	0.075	-0.1383360064	0.185668416
21.5	3.5	0.08333333333	-0.1423027562	0.2188947322
21.5	3.5	0.09166666667	-0.1383360064	0.2205423508
21.5	3.5	0.1	-0.1383360064	0.2328985015
21.5	3.5	0.1083333333	-0.1423027562	0.270518797
21.5	3.5	0.1166666667	-0.1383360064	0.2820511384
21.5	3.5	0.125	-0.1383360064	0.283698757
21.5	3.5	0.1333333333	-0.1383360064	0.3012726963
21.5	3.5	0.1416666667	-0.1383360064	0.3177488825
21.5	3.5	0.15	-0.1383360064	0.3251631663
21.5	3.5	0.1583333333	-0.1423027562	0.3611348542
21.5	3.5	0.1666666667	-0.1383360064	0.3984802169
21.5	3.5	0.175	-0.1383360064	0.409188749
21.5	3.5	0.1833333333	-0.1423027562	0.4319804769
21.5	3.5	0.1916666667	-0.1383360064	0.4352757142
21.5	3.5	0.2	-0.1383360064	0.435549658
21.5	3.5	0.2083333333	-0.1383360064	0.4476318648
21.5	3.5	0.2166666667	-0.1383360064	0.4643829838
21.5	3.5	0.225	-0.1383360064	0.4926654552
21.5	3.5	0.2333333333	-0.1383360064	0.5077689555
21.5	3.5	0.2416666667	-0.1383360064	0.5434657107
21.5	3.5	0.25	-0.1383360064	0.5495073086
21.5	3.5	0.2583333333	-0.1383360064	0.5560967941
21.5	3.5	0.2666666667	-0.1383360064	0.5747694755
21.5	3.5	0.275	-0.1383360064	0.5967373941
21.5	3.5	0.2833333333	-0.1383360064	0.6005815079
21.5	3.5	0.2916666667	-0.1383360064	0.6288649682
21.5	3.5	0.3	-0.1383360064	0.6472627168
21.5	3.5	0.3083333333	-0.1423027562	0.6472627168
21.5	3.5	0.3166666667	-0.1383360064	0.6478115934
21.5	3.5	0.325	-0.1383360064	0.6508328868
21.5	3.5	0.3333333333	-0.1383360064	0.6483614589
21.5	3.5	0.3416666667	-0.1423027562	0.6546770006
21.5	3.5	0.35	-0.1423027562	0.6478115934
21.5	3.5	0.3583333333	-0.1383360064	0.6593449237
21.5	3.5	0.3666666667	-0.1383360064	0.6738985585
21.5	3.5	0.375	-0.1423027562	0.6873534513
21.5	3.5	0.3833333333	-0.1383360064	0.7060261327
21.5	3.5	0.3916666667	-0.1383360064	0.7205797675
21.5	3.5	0.4	-0.1423027562	0.7392524488
21.5	3.5	0.4083333333	-0.1383360064	0.748588295
21.5	3.5	0.4166666667	-0.1383360064	0.7428216299
21.5	3.5	0.425	-0.1423027562	0.7529822744
21.5	3.5	0.4333333333	-0.1423027562	0.7867574671
21.5	3.5	0.4416666667	-0.1423027562	0.8293196295
21.5	3.5	0.45	-0.1423027562	0.8463437033
21.5	3.5	0.4583333333	-0.1423027562	0.8721557357
21.5	3.5	0.4666666667	-0.1423027562	0.8875331798
21.5	3.5	0.475	-0.1423027562	0.9051071191
21.5	3.5	0.4833333333	-0.1423027562	0.9276239143
21.5	3.5	0.4916666667	-0.1423027562	0.9498667656
21.5	3.5	0.5	-0.1462372561	0.9592026118
21.5	3.5	0.5083333333	-0.1462372561	0.9762276746
21.5	3.5	0.5166666667	-0.1462372561	0.9896825673
21.5	3.5	0.525	-0.1423027562	0.9998432118
21.5	3.5	0.5333333333	-0.1423027562	0.9979206604
36.5	3.5	0.008333333333	-0.1423027562	0.1807255601
36.5	3.5	0.01666666667	-0.1383360064	0.1807255601
36.5	3.5	0.025	-0.1383360064	0.1804516164
36.5	3.5	0.03333333333	-0.1423027562	0.1807255601
36.5	3.5	0.04166666667	-0.1383360064	0.1807255601
36.5	3.5	0.05	-0.1423027562	0.1793528743
36.5	3.5	0.05833333333	-0.1423027562	0.1790779415
36.5	3.5	0.06666666667	-0.1423027562	0.1807255601
36.5	3.5	0.075	-0.1423027562	0.1881398439
36.5	3.5	0.08333333333	-0.1423027562	0.1950052512
36.5	3.5	0.09166666667	-0.1423027562	0.2194436087
36.5	3.5	0.1	-0.1423027562	0.2232877225
36.5	3.5	0.1083333333	-0.1383360064	0.2523949922
36.5	3.5	0.1166666667	-0.1423027562	0.2600842087
36.5	3.5	0.125	-0.1383360064	0.2971546387
36.5	3.5	0.1333333333	-0.1423027562	0.3051177991
36.5	3.5	0.1416666667	-0.1383360064	0.335047889
36.5	3.5	0.15	-0.1423027562	0.3394418683
36.5	3.5	0.1583333333	-0.1423027562	0.3619586635
36.5	3.5	0.1666666667	-0.1383360064	0.3809052887
36.5	3.5	0.175	-0.1383360064	0.3982052842
36.5	3.5	0.1833333333	-0.1383360064	0.4108363676
36.5	3.5	0.1916666667	-0.1423027562	0.4231935073
36.5	3.5	0.2	-0.1423027562	0.4404925138
36.5	3.5	0.2083333333	-0.1383360064	0.4454353697
36.5	3.5	0.2166666667	-0.1423027562	0.449829349
36.5	3.5	0.225	-0.1423027562	0.4671283555
36.5	3.5	0.2333333333	-0.1423027562	0.4863499134
36.5	3.5	0.2416666667	-0.1423027562	0.5171048017
36.5	3.5	0.25	-0.1423027562	0.5409942827
36.5	3.5	0.2583333333	-0.1383360064	0.5492323758
36.5	3.5	0.2666666667	-0.1383360064	0.5448383965
36.5	3.5	0.275	-0.1423027562	0.5530764896
36.5	3.5	0.2833333333	-0.1423027562	0.5558228503
36.5	3.5	0.2916666667	-0.1383360064	0.5835564451
36.5	3.5	0.3	-0.1423027562	0.592069471
36.5	3.5	0.3083333333	-0.1423027562	0.6110160961
36.5	3.5	0.3166666667	-0.1423027562	0.6318852727
36.5	3.5	0.325	-0.1423027562	0.636279252
36.5	3.5	0.3333333333	-0.1383360064	0.6563246192
36.5	3.5	0.3416666667	-0.1423027562	0.673349682
36.5	3.5	0.35	-0.1423027562	0.6793902909
36.5	3.5	0.3583333333	-0.1383360064	0.6857058327
36.5	3.5	0.3666666667	-0.1423027562	0.7131654837
36.5	3.5	0.375	-0.1423027562	0.7203048347
36.5	3.5	0.3833333333	-0.1423027562	0.723600072
36.5	3.5	0.3916666667	-0.1423027562	0.734309593
36.5	3.5	0.4	-0.1423027562	0.7356822788
36.5	3.5	0.4083333333	-0.1423027562	0.734309593
36.5	3.5	0.4166666667	-0.1423027562	0.7348584695
36.5	3.5	0.425	-0.1423027562	0.7461168671
36.5	3.5	0.4333333333	-0.1423027562	0.7661622344
36.5	3.5	0.4416666667	-0.1423027562	0.7658882906
36.5	3.5	0.45	-0.1423027562	0.7906015809
36.5	3.5	0.4583333333	-0.1423027562	0.8197088505
36.5	3.5	0.4666666667	-0.1423027562	0.8243767736
36.5	3.5	0.475	-0.1423027562	0.8293196295
36.5	3.5	0.4833333333	-0.1423027562	0.8320650012
36.5	3.5	0.4916666667	-0.1462372561	0.8326148667
36.5	3.5	0.5	-0.1423027562	0.8350853057
36.5	3.5	0.5083333333	-0.1423027562	0.8364589805
36.5	3.5	0.5166666667	-0.1423027562	0.8405780271
36.5	3.5	0.525	-0.1462372561	0.8408519709
36.5	3.5	0.5333333333	-0.1423027562	0.8408519709
36.5	3.5	0.5416666667	-0.1462372561	0.8383805429
36.5	3.5	0.55	-0.1462372561	0.839479285
36.5	3.5	0.5583333333	-0.1423027562	0.839479285
36.5	3.5	0.5666666667	-0.1462372561	0.839479285
36.5	3.5	0.575	-0.1462372561	0.8389304085
36.5	3.5	0.5833333333	-0.1462372561	0.8460697595
36.5	3.5	0.5916666667	-0.1423027562	0.8650163846
36.5	3.5	0.6	-0.150171756	0.8930249122
36.5	3.5	0.6083333333	-0.1423027562	0.9114236498
36.5	3.5	0.6166666667	-0.1541062559	0.9487680236
36.5	3.5	0.625	-0.150171756	0.954259756
36.5	3.5	0.6333333333	-0.150171756	0.9668918284
36.5	3.5	0.6416666667	-0.1462372561	0.9855635208
36.5	3.5	0.65	-0.1462372561	0.985289577
36.5	3.5	0.6583333333	-0.150171756	0.9855635208
36.5	3.5	0.6666666667	-0.1462372561	0.985289577
36.5	3.5	0.675	-0.1462372561	0.9872111394
53	3.5	0.008333333333	-0.1462372561	0.1801766836
53	3.5	0.01666666667	-0.1462372561	0.179627807
53	3.5	0.025	-0.1462372561	0.1801766836
53	3.5	0.03333333333	-0.1462372561	0.179627807
53	3.5	0.04166666667	-0.1462372561	0.1815493695
53	3.5	0.05	-0.1462372561	0.182099235
53	3.5	0.05833333333	-0.1462372561	0.1799017508
53	3.5	0.06666666667	-0.1423027562	0.1889636532
53	3.5	0.075	-0.1462372561	0.1955541277
53	3.5	0.08333333333	-0.1423027562	0.1955541277
53	3.5	0.09166666667	-0.1462372561	0.1983004884
53	3.5	0.1	-0.1423027562	0.219169665
53	3.5	0.1083333333	-0.1423027562	0.2285055112
53	3.5	0.1166666667	-0.1423027562	0.2296042532
53	3.5	0.125	-0.1423027562	0.2447067646
53	3.5	0.1333333333	-0.1423027562	0.2496496205
53	3.5	0.1416666667	-0.1462372561	0.2521210484
53	3.5	0.15	-0.1462372561	0.2587105339
53	3.5	0.1583333333	-0.1423027562	0.2823260711
53	3.5	0.1666666667	-0.1423027562	0.3133549032
53	3.5	0.175	-0.1383360064	0.3295561566
53	3.5	0.1833333333	-0.1423027562	0.3556431218
53	3.5	0.1916666667	-0.1423027562	0.3636062821
53	3.5	0.2	-0.1423027562	0.3861230773
53	3.5	0.2083333333	-0.1423027562	0.4201732028
53	3.5	0.2166666667	-0.1423027562	0.4275864976
53	3.5	0.225	-0.1423027562	0.4333531628
53	3.5	0.2333333333	-0.1423027562	0.4448864931
53	3.5	0.2416666667	-0.1462372561	0.4470829883
53	3.5	0.25	-0.1423027562	0.4479067976
53	3.5	0.2583333333	-0.1423027562	0.4704235928
53	3.5	0.2666666667	-0.1423027562	0.4951368831
53	3.5	0.275	-0.1423027562	0.5099654507
53	3.5	0.2833333333	-0.1423027562	0.5127108224
53	3.5	0.2916666667	-0.1423027562	0.5272644572
53	3.5	0.3	-0.1423027562	0.5420930248
53	3.5	0.3083333333	-0.1423027562	0.5464860151
53	3.5	0.3166666667	-0.1423027562	0.5429168341
53	3.5	0.325	-0.1423027562	0.5412692155
53	3.5	0.3333333333	-0.1423027562	0.5475847572
53	3.5	0.3416666667	-0.1423027562	0.5599418969
53	3.5	0.35	-0.1423027562	0.5692777431
53	3.5	0.3583333333	-0.1423027562	0.5972862706
53	3.5	0.3666666667	-0.1423027562	0.6038767451
53	3.5	0.375	-0.1462372561	0.6036018124
53	3.5	0.3833333333	-0.1423027562	0.6008564406
53	3.5	0.3916666667	-0.1423027562	0.6019541937
53	3.5	0.4	-0.1423027562	0.6170576941
53	3.5	0.4083333333	-0.1423027562	0.6365531958
53	3.5	0.4166666667	-0.1423027562	0.656598563
53	3.5	0.425	-0.1423027562	0.6736236258
53	3.5	0.4333333333	-0.1423027562	0.6782925378
53	3.5	0.4416666667	-0.1423027562	0.6857058327
53	3.5	0.45	-0.1423027562	0.7010832768
53	3.5	0.4583333333	-0.1462372561	0.7214035768
53	3.5	0.4666666667	-0.1462372561	0.7315632323
53	3.5	0.475	-0.1462372561	0.7491371716
53	3.5	0.4833333333	-0.150171756	0.7996634833
53	3.5	0.4916666667	-0.150171756	0.8166875571
53	3.5	0.5	-0.150171756	0.8468935688
53	3.5	0.5083333333	-0.1541062559	0.8595246522
53	3.5	0.5166666667	-0.150171756	0.8625449567
53	3.5	0.525	-0.150171756	0.8856116174
53	3.5	0.5333333333	-0.1541062559	0.8954963402
53	3.5	0.5416666667	-0.1580407558	0.9213083726
53	3.5	0.55	-0.1580407558	0.933940445
53	3.5	0.5583333333	-0.1619752557	0.9427274146
53	3.5	0.5666666667	-0.1619752557	0.9605752977
53	3.5	0.575	-0.1619752557	0.9748549887
53	3.5	0.5833333333	-0.1619752557	0.9833670256
53	3.5	0.5916666667	-0.1619752557	0.9927028718
53	3.5	0.6	-0.1619752557	0.9965479746
