# X	Y	time	B	Z
6.5	9.5	0.008333333333	-4.05638839	0.1993982415
6.5	9.5	0.01666666667	-4.06032289	0.2007709274
6.5	9.5	0.025	-4.05638839	0.2002220508
6.5	9.5	0.03333333333	-4.05638839	0.2026934788
6.5	9.5	0.04166666667	-4.05638839	0.2026934788
6.5	9.5	0.05	-4.05638839	0.2026934788
6.5	9.5	0.05833333333	-4.05638839	0.2004969836
6.5	9.5	0.06666666667	-4.05638839	0.202418546
6.5	9.5	0.075	-4.339898132	0.2147756856
6.5	9.5	0.08333333333	-4.808497068	0.2372924808
6.5	9.5	0.09166666667	-5.135328234	0.2639283225
6.5	9.5	0.1	-5.336152203	0.2938594015
6.5	9.5	0.1083333333	-5.446408499	0.3388929918
6.5	9.5	0.1166666667	-5.544851621	0.3822789635
6.5	9.5	0.125	-5.59210432	0.44021857
6.5	9.5	0.1333333333	-5.722049241	0.500079739
6.5	9.5	0.1416666667	-5.729924691	0.5080428993
6.5	9.5	0.15	-5.729924691	0.5083178321
6.5	9.5	0.1583333333	-5.725986966	0.534678741
6.5	9.5	0.1666666667	-5.725986966	0.5786145782
6.5	9.5	0.175	-5.702360617	0.6187053127
6.5	9.5	0.1833333333	-5.781115114	0.6722509399
6.5	9.5	0.1916666667	-5.785052839	0.7112439213
6.5	9.5	0.2	-5.745675591	0.7628669971
6.5	9.5	0.2083333333	-5.702360617	0.8018599785
6.5	9.5	0.2166666667	-5.647232468	0.845519894
6.5	9.5	0.225	-5.59997977	0.8587008429
6.5	9.5	0.2333333333	-5.59997977	0.8619960802
6.5	9.5	0.2416666667	-5.540913897	0.8781973336
6.5	9.5	0.25	-5.450346224	0.9086772891
6.5	9.5	0.2583333333	-5.359778552	0.9391572446
6.5	9.5	0.2666666667	-5.040822836	0.9899575001
6.5	9.5	0.275	-4.552554626	1.019613646
6.5	9.5	0.2833333333	-4.493472628	1.020162523
6.5	9.5	0.2916666667	-4.42652163	1.024281569
6.5	9.5	0.3	-4.308389883	1.03142092
6.5	9.5	0.3083333333	-4.07609314	1.040759734
6.5	9.5	0.3166666667	-3.682320652	1.052291086
6.5	9.5	0.325	-3.304286163	1.061903843
6.5	9.5	0.3333333333	-2.894775675	1.071239689
6.5	9.5	0.3416666667	-2.493101937	1.081119467
6.5	9.5	0.35	-2.138706697	1.089911381
6.5	9.5	0.3583333333	-2.142641197	1.089634471
6.5	9.5	0.3666666667	-2.142641197	1.089911381
6.5	9.5	0.375	-2.142641197	1.089634471
6.5	9.5	0.3833333333	-2.142641197	1.08935756
11.5	9.5	0.008333333333	-3.953994644	0.2032423553
11.5	9.5	0.01666666667	-3.953994644	0.2032423553
11.5	9.5	0.025	-3.953994644	0.2029684115
11.5	9.5	0.03333333333	-3.957961393	0.2029684115
11.5	9.5	0.04166666667	-3.953994644	0.2029684115
11.5	9.5	0.05	-3.953994644	0.2029684115
11.5	9.5	0.05833333333	-3.957961393	0.2029684115
11.5	9.5	0.06666666667	-4.119404889	0.212029325
11.5	9.5	0.075	-4.513177377	0.2372924808
11.5	9.5	0.08333333333	-4.828185693	0.2655759411
11.5	9.5	0.09166666667	-4.966006064	0.2795797104
11.5	9.5	0.1	-5.08413781	0.2935844687
11.5	9.5	0.1083333333	-5.214082731	0.3097857222
11.5	9.5	0.1166666667	-5.336152203	0.3380691825
11.5	9.5	0.125	-5.403093526	0.361409787
11.5	9.5	0.1333333333	-5.525162997	0.4012255887
11.5	9.5	0.1416666667	-5.529100722	0.4190744607
11.5	9.5	0.15	-5.533038447	0.4190744607
11.5	9.5	0.1583333333	-5.529100722	0.4193493935
11.5	9.5	0.1666666667	-5.529100722	0.4245661931
11.5	9.5	0.175	-5.525162997	0.4273125538
11.5	9.5	0.1833333333	-5.533038447	0.4393947607
11.5	9.5	0.1916666667	-5.619668394	0.4750915159
11.5	9.5	0.2	-5.678734268	0.5009035483
11.5	9.5	0.2083333333	-5.722049241	0.5264406479
11.5	9.5	0.2166666667	-5.706298342	0.5602158407
11.5	9.5	0.225	-5.710236067	0.5997576986
11.5	9.5	0.2333333333	-5.714173791	0.6011303844
11.5	9.5	0.2416666667	-5.714173791	0.6016802499
11.5	9.5	0.25	-5.698422892	0.6233732358
11.5	9.5	0.2583333333	-5.686609717	0.6544020679
11.5	9.5	0.2666666667	-5.76142649	0.6791163472
11.5	9.5	0.275	-5.76142649	0.7225023189
11.5	9.5	0.2833333333	-5.733862416	0.7455679906
11.5	9.5	0.2916666667	-5.710236067	0.7730276416
11.5	9.5	0.3	-5.698422892	0.7793431833
11.5	9.5	0.3083333333	-5.698422892	0.7798920599
11.5	9.5	0.3166666667	-5.670858818	0.8117456902
11.5	9.5	0.325	-5.639357019	0.8353602385
11.5	9.5	0.3333333333	-5.572415696	0.8644675081
11.5	9.5	0.3416666667	-5.513349822	0.8834141333
11.5	9.5	0.35	-5.418844425	0.9062058612
11.5	9.5	0.3583333333	-5.336152203	0.9273499705
11.5	9.5	0.3666666667	-5.273148605	0.9397061212
11.5	9.5	0.375	-5.273148605	0.9405299305
11.5	9.5	0.3833333333	-5.162892308	0.9633216584
11.5	9.5	0.3916666667	-4.946317439	0.9869371956
11.5	9.5	0.4	-4.591931875	1.012749228
11.5	9.5	0.4083333333	-4.383209881	1.022908884
11.5	9.5	0.4166666667	-4.339898132	1.024831435
11.5	9.5	0.425	-4.272979384	1.029224425
11.5	9.5	0.4333333333	-4.154847638	1.034716158
11.5	9.5	0.4416666667	-3.957961393	1.042401418
11.5	9.5	0.45	-3.642943403	1.053111928
11.5	9.5	0.4583333333	-3.107399919	1.067669519
11.5	9.5	0.4666666667	-2.603364683	1.080298625
11.5	9.5	0.475	-2.264739693	1.092383798
11.5	9.5	0.4833333333	-2.154476947	1.095123236
11.5	9.5	0.4916666667	-2.162345947	1.094579305
11.5	9.5	0.5	-2.166280446	1.091829977
11.5	9.5	0.5083333333	-2.166280446	1.092660709
16.5	9.5	0.008333333333	-3.918584145	0.1980255557
16.5	9.5	0.01666666667	-3.914617395	0.1950052512
16.5	9.5	0.025	-3.914617395	0.1947303184
16.5	9.5	0.03333333333	-3.914617395	0.1950052512
16.5	9.5	0.04166666667	-3.914617395	0.1947303184
16.5	9.5	0.05	-3.914617395	0.1944553857
16.5	9.5	0.05833333333	-3.918584145	0.1941814419
16.5	9.5	0.06666666667	-3.950060144	0.1983004884
16.5	9.5	0.075	-4.446226379	0.2285055112
16.5	9.5	0.08333333333	-4.828185693	0.2611819618
16.5	9.5	0.09166666667	-5.036885112	0.2850724318
16.5	9.5	0.1	-5.214082731	0.3070393615
16.5	9.5	0.1083333333	-5.281024054	0.3204952432
16.5	9.5	0.1166666667	-5.296774954	0.3246133008
16.5	9.5	0.125	-5.320401303	0.3240644242
16.5	9.5	0.1333333333	-5.336152203	0.3284584035
16.5	9.5	0.1416666667	-5.351903102	0.3490526473
16.5	9.5	0.15	-5.355840827	0.3496015239
16.5	9.5	0.1583333333	-5.363716277	0.3528967611
16.5	9.5	0.1666666667	-5.375529451	0.3561919983
16.5	9.5	0.175	-5.387342626	0.3603110449
16.5	9.5	0.1833333333	-5.434595325	0.3715694425
16.5	9.5	0.1916666667	-5.509412098	0.4015005214
16.5	9.5	0.2	-5.501536648	0.3971065421
16.5	9.5	0.2083333333	-5.505474373	0.3965576656
16.5	9.5	0.2166666667	-5.501536648	0.3976564076
16.5	9.5	0.225	-5.493661198	0.4086398725
16.5	9.5	0.2333333333	-5.521225272	0.425938879
16.5	9.5	0.2416666667	-5.596042045	0.4512020348
16.5	9.5	0.25	-5.655107918	0.4720712114
16.5	9.5	0.2583333333	-5.702360617	0.4929403879
16.5	9.5	0.2666666667	-5.698422892	0.5204000389
16.5	9.5	0.275	-5.690547442	0.5500561851
16.5	9.5	0.2833333333	-5.702360617	0.5802612079
16.5	9.5	0.2916666667	-5.702360617	0.5830075686
16.5	9.5	0.3	-5.702360617	0.58493012
16.5	9.5	0.3083333333	-5.670858818	0.615958952
16.5	9.5	0.3166666667	-5.737800141	0.6585211144
16.5	9.5	0.325	-5.75355104	0.6994356582
16.5	9.5	0.3333333333	-5.714173791	0.7381537068
16.5	9.5	0.3416666667	-5.682671992	0.7590228833
16.5	9.5	0.35	-5.682671992	0.7612193785
16.5	9.5	0.3583333333	-5.678734268	0.7708301575
16.5	9.5	0.3666666667	-5.643294744	0.7991136178
16.5	9.5	0.375	-5.60785522	0.8213564692
16.5	9.5	0.3833333333	-5.58422887	0.833438676
16.5	9.5	0.3916666667	-5.533038447	0.8559554712
16.5	9.5	0.4	-5.450346224	0.8749020964
16.5	9.5	0.4083333333	-5.375529451	0.8919271591
16.5	9.5	0.4166666667	-5.336152203	0.9067547377
16.5	9.5	0.425	-5.288899504	0.9177391915
16.5	9.5	0.4333333333	-5.229833631	0.931469017
16.5	9.5	0.4416666667	-5.155016858	0.9413537398
16.5	9.5	0.45	-5.115639609	0.9501407094
16.5	9.5	0.4583333333	-5.095950985	0.9520632608
16.5	9.5	0.4666666667	-5.095950985	0.9517883281
16.5	9.5	0.475	-5.09988871	0.9479442143
16.5	9.5	0.4833333333	-5.09988871	0.4053446352
16.5	9.5	0.4916666667	-5.09988871	0.4050697025
16.5	9.5	0.5	-5.09988871	0.3800814794
16.5	9.5	0.5083333333	-5.09988871	0.3732170611
16.5	9.5	0.5166666667	-5.09988871	0.3767872311
16.5	9.5	0.525	-5.095950985	0.3839265821
16.5	9.5	0.5333333333	-5.025071937	0.9660680191
16.5	9.5	0.5416666667	-4.666751872	0.9981955932
16.5	9.5	0.55	-3.981568393	1.038564227
16.5	9.5	0.5583333333	-2.749070179	1.075907612
16.5	9.5	0.5666666667	-2.304116942	1.083591884
16.5	9.5	0.575	-2.182018446	1.084689637
16.5	9.5	0.5833333333	-2.178083946	1.085520369
16.5	9.5	0.5916666667	-2.185985196	1.088259807
16.5	9.5	0.6	-2.185985196	1.091286045
16.5	9.5	0.6083333333	-2.189919696	1.086341211
21.5	9.5	0.008333333333	-3.894944895	0.1848446067
21.5	9.5	0.01666666667	-3.902813895	0.1848446067
21.5	9.5	0.025	-3.969764893	0.1900623953
21.5	9.5	0.03333333333	-4.324160133	0.2084601439
21.5	9.5	0.04166666667	-4.532849876	0.2243864646
21.5	9.5	0.05	-4.698240772	0.2304280625
21.5	9.5	0.05833333333	-4.796683894	0.2353699294
21.5	9.5	0.06666666667	-4.91481564	0.2455305739
21.5	9.5	0.075	-5.048698286	0.2567889715
21.5	9.5	0.08333333333	-5.151079133	0.2685962456
21.5	9.5	0.09166666667	-5.241646805	0.2861701849
21.5	9.5	0.1	-5.281024054	0.2960558966
21.5	9.5	0.1083333333	-5.324339028	0.3130809594
21.5	9.5	0.1166666667	-5.367654002	0.3257120428
21.5	9.5	0.125	-5.454283949	0.3556431218
21.5	9.5	0.1333333333	-5.493661198	0.3754135563
21.5	9.5	0.1416666667	-5.473972574	0.392438619
21.5	9.5	0.15	-5.485785748	0.4168779656
21.5	9.5	0.1583333333	-5.572415696	0.4440626838
21.5	9.5	0.1666666667	-5.576353421	0.4399436373
21.5	9.5	0.175	-5.58422887	0.4437877511
21.5	9.5	0.1833333333	-5.662983368	0.4698747162
21.5	9.5	0.1916666667	-5.698422892	0.4965105579
21.5	9.5	0.2	-5.690547442	0.5149083065
21.5	9.5	0.2083333333	-5.682671992	0.5280882665
21.5	9.5	0.2166666667	-5.682671992	0.5385228548
21.5	9.5	0.225	-5.686609717	0.562138392
21.5	9.5	0.2333333333	-5.686609717	0.5970123268
21.5	9.5	0.2416666667	-5.666921093	0.6206268751
21.5	9.5	0.25	-5.702360617	0.6382008144
21.5	9.5	0.2583333333	-5.749613315	0.6585211144
21.5	9.5	0.2666666667	-5.76142649	0.6741734913
21.5	9.5	0.275	-5.733862416	0.7054772561
21.5	9.5	0.2833333333	-5.725986966	0.707948684
21.5	9.5	0.2916666667	-5.725986966	0.707948684
21.5	9.5	0.3	-5.702360617	0.727170242
21.5	9.5	0.3083333333	-5.682671992	0.7436454392
21.5	9.5	0.3166666667	-5.674796543	0.7529822744
21.5	9.5	0.325	-5.655107918	0.7667120999
21.5	9.5	0.3333333333	-5.647232468	0.7752241368
21.5	9.5	0.3416666667	-5.635419294	0.7884050857
21.5	9.5	0.35	-5.623606119	0.7958183805
21.5	9.5	0.3583333333	-5.59210432	0.8188850412
21.5	9.5	0.3666666667	-5.533038447	0.8422256457
21.5	9.5	0.375	-5.493661198	0.8534840433
21.5	9.5	0.3833333333	-5.450346224	0.8639186315
21.5	9.5	0.3916666667	-5.387342626	0.8787462102
21.5	9.5	0.4	-5.324339028	0.8952223964
21.5	9.5	0.4083333333	-5.26133543	0.910049975
21.5	9.5	0.4166666667	-5.139265958	0.9336655122
21.5	9.5	0.425	-5.123515059	0.933940445
21.5	9.5	0.4333333333	-5.127452784	0.933940445
21.5	9.5	0.4416666667	-5.09988871	0.9402559867
21.5	9.5	0.45	-5.009321037	0.9520632608
21.5	9.5	0.4583333333	-4.824247968	0.9699121329
21.5	9.5	0.4666666667	-4.698240772	0.9828181491
21.5	9.5	0.475	-4.599800874	0.9872111394
21.5	9.5	0.4833333333	-4.560423626	0.9894086236
21.5	9.5	0.4916666667	-4.489538128	0.9938016139
21.5	9.5	0.5	-4.363537381	1.001764774
21.5	9.5	0.5083333333	-4.115470389	1.015769533
21.5	9.5	0.5166666667	-3.709862151	1.029224425
21.5	9.5	0.525	-3.524811656	1.036912653
21.5	9.5	0.5333333333	-3.036514421	1.048444005
21.5	9.5	0.5416666667	-2.922317174	1.050916422
21.5	9.5	0.55	-2.867201926	1.052567997
21.5	9.5	0.5583333333	-2.753004679	1.056959009
21.5	9.5	0.5666666667	-2.493101937	1.067392608
21.5	9.5	0.575	-2.38680594	1.067669519
21.5	9.5	0.5833333333	-2.39467494	1.067392608
21.5	9.5	0.5916666667	-2.39467494	1.066571766
21.5	9.5	0.6	-2.414347439	1.065197102
26.5	9.5	0.008333333333	-3.914617395	0.1810004929
26.5	9.5	0.01666666667	-4.06032289	0.1799017508
26.5	9.5	0.025	-4.430488379	0.1908862046
26.5	9.5	0.03333333333	-4.780932994	0.2147756856
26.5	9.5	0.04166666667	-5.064449186	0.2389400994
26.5	9.5	0.05	-5.26133543	0.274087978
26.5	9.5	0.05833333333	-5.332214478	0.297978448
26.5	9.5	0.06666666667	-5.4149067	0.3235155477
26.5	9.5	0.075	-5.470034849	0.357839617
26.5	9.5	0.08333333333	-5.462159399	0.3809052887
26.5	9.5	0.09166666667	-5.493661198	0.3910659331
26.5	9.5	0.1	-5.540913897	0.4083649397
26.5	9.5	0.1083333333	-5.674796543	0.4542223393
26.5	9.5	0.1166666667	-5.686609717	0.4822308669
26.5	9.5	0.125	-5.670858818	0.5039238527
26.5	9.5	0.1333333333	-5.666921093	0.5074940227
26.5	9.5	0.1416666667	-5.670858818	0.5050225948
26.5	9.5	0.15	-5.670858818	0.50721909
26.5	9.5	0.1583333333	-5.666921093	0.514358441
26.5	9.5	0.1666666667	-5.674796543	0.5357774831
26.5	9.5	0.175	-5.690547442	0.56103965
26.5	9.5	0.1833333333	-5.670858818	0.578888522
26.5	9.5	0.1916666667	-5.670858818	0.6014053172
26.5	9.5	0.2	-5.714173791	0.6209018079
26.5	9.5	0.2083333333	-5.76142649	0.6395744892
26.5	9.5	0.2166666667	-5.749613315	0.6659353982
26.5	9.5	0.225	-5.718111516	0.6879033168
26.5	9.5	0.2333333333	-5.694485167	0.7021820189
26.5	9.5	0.2416666667	-5.690547442	0.7084975606
26.5	9.5	0.25	-5.674796543	0.7241489485
26.5	9.5	0.2583333333	-5.655107918	0.7400762582
26.5	9.5	0.2666666667	-5.635419294	0.7631419299
26.5	9.5	0.275	-5.596042045	0.7900517154
26.5	9.5	0.2833333333	-5.544851621	0.8109218809
26.5	9.5	0.2916666667	-5.485785748	0.8290446967
26.5	9.5	0.3	-5.399155801	0.8488151312
26.5	9.5	0.3083333333	-5.328276753	0.8647424409
26.5	9.5	0.3166666667	-5.26921088	0.8803938288
26.5	9.5	0.325	-5.186518657	0.900439196
26.5	9.5	0.3333333333	-5.095950985	0.9127963357
26.5	9.5	0.3416666667	-4.989632413	0.9284477236
26.5	9.5	0.35	-4.717929396	0.9515143843
26.5	9.5	0.3583333333	-4.631309123	0.9531620029
26.5	9.5	0.3666666667	-4.702178496	0.9539858122
26.5	9.5	0.375	-4.702178496	0.9526121374
26.5	9.5	0.3833333333	-4.702178496	0.9526121374
26.5	9.5	0.3916666667	-4.706116221	0.9526121374
26.5	9.5	0.4	-4.694303047	0.9556334308
26.5	9.5	0.4083333333	-4.611604374	0.9660680191
26.5	9.5	0.4166666667	-4.454095379	0.9729324374
26.5	9.5	0.425	-4.225700885	0.9872111394
26.5	9.5	0.4333333333	-3.879206896	1.00149083
26.5	9.5	0.4416666667	-3.39877866	1.0154946
26.5	9.5	0.45	-2.930186174	1.028949493
26.5	9.5	0.4583333333	-2.489167437	1.041303665
26.5	9.5	0.4666666667	-2.272608693	1.04652541
26.5	9.5	0.475	-2.477363937	1.041303665
26.5	9.5	0.4833333333	-2.504937686	1.041036644
26.5	9.5	0.4916666667	-2.520675686	1.041036644
31.5	9.5	0.008333333333	-3.922518644	0.1810004929
31.5	9.5	0.01666666667	-3.922518644	0.1810004929
31.5	9.5	0.025	-3.922518644	0.1810004929
31.5	9.5	0.03333333333	-3.922518644	0.1810004929
31.5	9.5	0.04166666667	-3.922518644	0.1810004929
31.5	9.5	0.05	-3.922518644	0.1810004929
31.5	9.5	0.05833333333	-3.918584145	0.1810004929
31.5	9.5	0.06666666667	-3.918584145	0.1810004929
31.5	9.5	0.075	-3.981568393	0.1799017508
31.5	9.5	0.08333333333	-4.367471881	0.1853944722
31.5	9.5	0.09166666667	-4.698240772	0.2079112674
31.5	9.5	0.1	-4.895127016	0.2268578925
31.5	9.5	0.1083333333	-5.111701884	0.2469032598
31.5	9.5	0.1166666667	-5.233771356	0.2661248177
31.5	9.5	0.125	-5.320401303	0.290838108
31.5	9.5	0.1333333333	-5.391280351	0.3202203104
31.5	9.5	0.1416666667	-5.470034849	0.3443847242
31.5	9.5	0.15	-5.466097124	0.3669015194
31.5	9.5	0.1583333333	-5.493661198	0.3984802169
31.5	9.5	0.1666666667	-5.611792945	0.4350007814
31.5	9.5	0.175	-5.670858818	0.4553210814
31.5	9.5	0.1833333333	-5.682671992	0.4836045417
31.5	9.5	0.1916666667	-5.666921093	0.5118870131
31.5	9.5	0.2	-5.678734268	0.5404454062
31.5	9.5	0.2083333333	-5.686609717	0.5459371386
31.5	9.5	0.2166666667	-5.686609717	0.5481336338
31.5	9.5	0.225	-5.690547442	0.5673551917
31.5	9.5	0.2333333333	-5.670858818	0.6003065751
31.5	9.5	0.2416666667	-5.729924691	0.6280411589
31.5	9.5	0.25	-5.76142649	0.6516566961
31.5	9.5	0.2583333333	-5.737800141	0.6681318934
31.5	9.5	0.2666666667	-5.725986966	0.6785664816
31.5	9.5	0.275	-5.698422892	0.6980629723
31.5	9.5	0.2833333333	-5.670858818	0.7238750047
31.5	9.5	0.2916666667	-5.643294744	0.7433714954
31.5	9.5	0.3	-5.615730669	0.771380023
31.5	9.5	0.3083333333	-5.556664796	0.8010361692
31.5	9.5	0.3166666667	-5.481848023	0.8257494595
31.5	9.5	0.325	-5.351903102	0.8545817964
31.5	9.5	0.3333333333	-5.288899504	0.869410364
31.5	9.5	0.3416666667	-5.26921088	0.8721557357
31.5	9.5	0.35	-5.26921088	0.8724306684
31.5	9.5	0.3583333333	-5.24558453	0.8814925708
31.5	9.5	0.3666666667	-5.103826435	0.9116975936
31.5	9.5	0.375	-4.93056654	0.9289975891
31.5	9.5	0.3833333333	-4.643112623	0.954259756
31.5	9.5	0.3916666667	-4.477734628	0.968539447
31.5	9.5	0.4	-4.367471881	0.9740311794
31.5	9.5	0.4083333333	-4.119404889	0.9885848142
31.5	9.5	0.4166666667	-3.646877903	1.006158754
31.5	9.5	0.425	-3.032579921	1.023732693
31.5	9.5	0.4333333333	-2.241100444	1.045427657
31.5	9.5	0.4416666667	-2.241100444	1.044329904
31.5	9.5	0.45	-2.241100444	1.042401418
31.5	9.5	0.4583333333	-2.241100444	1.042134397
36.5	9.5	0.008333333333	-3.906748395	0.1810004929
36.5	9.5	0.01666666667	-3.906748395	0.1810004929
36.5	9.5	0.025	-3.906748395	0.1810004929
36.5	9.5	0.03333333333	-3.910682895	0.1810004929
36.5	9.5	0.04166666667	-3.906748395	0.1810004929
36.5	9.5	0.05	-3.906748395	0.1810004929
36.5	9.5	0.05833333333	-3.906748395	0.1810004929
36.5	9.5	0.06666666667	-4.209962886	0.1810004929
36.5	9.5	0.075	-4.536784376	0.1911601484
36.5	9.5	0.08333333333	-4.808497068	0.209558886
36.5	9.5	0.09166666667	-5.040822836	0.2449807084
36.5	9.5	0.1	-5.237709081	0.2576127808
36.5	9.5	0.1083333333	-5.324339028	0.2779320918
36.5	9.5	0.1166666667	-5.379467176	0.2971546387
36.5	9.5	0.125	-5.450346224	0.3202203104
36.5	9.5	0.1333333333	-5.489723473	0.3377942497
36.5	9.5	0.1416666667	-5.481848023	0.3556431218
36.5	9.5	0.15	-5.481848023	0.3798075356
36.5	9.5	0.1583333333	-5.505474373	0.3883195725
36.5	9.5	0.1666666667	-5.505474373	0.3885945052
36.5	9.5	0.175	-5.517287547	0.3932624283
36.5	9.5	0.1833333333	-5.568477971	0.4075411304
36.5	9.5	0.1916666667	-5.647232468	0.4328042862
36.5	9.5	0.2	-5.682671992	0.4624604324
36.5	9.5	0.2083333333	-5.670858818	0.4899200834
36.5	9.5	0.2166666667	-5.670858818	0.5171048017
36.5	9.5	0.225	-5.690547442	0.5448383965
36.5	9.5	0.2333333333	-5.686609717	0.5733967896
36.5	9.5	0.2416666667	-5.682671992	0.5972862706
36.5	9.5	0.25	-5.745675591	0.6209018079
36.5	9.5	0.2583333333	-5.773239665	0.6505579541
36.5	9.5	0.2666666667	-5.737800141	0.6782925378
36.5	9.5	0.275	-5.706298342	0.6991617144
36.5	9.5	0.2833333333	-5.690547442	0.7065750092
36.5	9.5	0.2916666667	-5.678734268	0.7205797675
36.5	9.5	0.3	-5.651170193	0.7411740113
36.5	9.5	0.3083333333	-5.655107918	0.7392524488
36.5	9.5	0.3166666667	-5.623606119	0.7746752602
36.5	9.5	0.325	-5.560602521	0.8051552157
36.5	9.5	0.3333333333	-5.458221674	0.8339875526
36.5	9.5	0.3416666667	-5.320401303	0.8652913174
36.5	9.5	0.35	-5.214082731	0.889729675
36.5	9.5	0.3583333333	-5.09201326	0.9105998405
36.5	9.5	0.3666666667	-4.942379714	0.9281737798
36.5	9.5	0.375	-4.643112623	0.9523381936
36.5	9.5	0.3833333333	-4.481669128	0.9666168956
36.5	9.5	0.3916666667	-4.229635385	0.9784241698
36.5	9.5	0.4	-3.7374359	0.9976457277
36.5	9.5	0.4083333333	-3.438155909	1.007806372
36.5	9.5	0.4166666667	-3.158580667	1.016318409
36.5	9.5	0.425	-2.634872933	1.030323167
36.5	9.5	0.4333333333	-2.315920442	1.040205912
36.5	9.5	0.4416666667	-2.296215693	1.040482823
36.5	9.5	0.45	-2.296215693	1.041303665
36.5	9.5	0.4583333333	-2.296215693	1.040205912
41.5	9.5	0.008333333333	-3.875240146	0.1810004929
41.5	9.5	0.01666666667	-3.926453144	0.1810004929
41.5	9.5	0.025	-4.339898132	0.1807255601
41.5	9.5	0.03333333333	-4.690365322	0.2068125253
41.5	9.5	0.04166666667	-4.997507863	0.2276817018
41.5	9.5	0.05	-5.281024054	0.2699689315
41.5	9.5	0.05833333333	-5.391280351	0.3037441242
41.5	9.5	0.06666666667	-5.493661198	0.3377942497
41.5	9.5	0.075	-5.501536648	0.3690980145
41.5	9.5	0.08333333333	-5.529100722	0.3932624283
41.5	9.5	0.09166666667	-5.603917495	0.4218208214
41.5	9.5	0.1	-5.682671992	0.4836045417
41.5	9.5	0.1083333333	-5.678734268	0.4932153207
41.5	9.5	0.1166666667	-5.678734268	0.4932153207
41.5	9.5	0.125	-5.682671992	0.5118870131
41.5	9.5	0.1333333333	-5.706298342	0.5544501645
41.5	9.5	0.1416666667	-5.686609717	0.592069471
41.5	9.5	0.15	-5.745675591	0.6189792565
41.5	9.5	0.1583333333	-5.785052839	0.6486354027
41.5	9.5	0.1666666667	-5.737800141	0.6848820234
41.5	9.5	0.175	-5.718111516	0.6977880396
41.5	9.5	0.1833333333	-5.706298342	0.7038296375
41.5	9.5	0.1916666667	-5.682671992	0.7257965671
41.5	9.5	0.2	-5.662983368	0.7527073416
41.5	9.5	0.2083333333	-5.623606119	0.7834622299
41.5	9.5	0.2166666667	-5.509412098	0.822729155
41.5	9.5	0.225	-5.446408499	0.8315161247
41.5	9.5	0.2333333333	-5.434595325	0.8372827898
41.5	9.5	0.2416666667	-5.304650404	0.8683116219
41.5	9.5	0.25	-5.139265958	0.9015379381
41.5	9.5	0.2583333333	-4.891189291	0.9306452077
41.5	9.5	0.2666666667	-4.568292625	0.9556334308
41.5	9.5	0.275	-4.06425739	0.9833670256
41.5	9.5	0.2833333333	-3.851633147	0.9872111394
41.5	9.5	0.2916666667	-3.690189651	0.9946254232
41.5	9.5	0.3	-3.548418656	0.9992933463
41.5	9.5	0.3083333333	-3.131039168	1.010826677
41.5	9.5	0.3166666667	-2.764808179	1.020986332
41.5	9.5	0.325	-2.434052188	1.030048235
41.5	9.5	0.3333333333	-2.304116942	1.033343472
41.5	9.5	0.3416666667	-2.217461195	1.036363776
41.5	9.5	0.35	-2.331658442	1.037187586
41.5	9.5	0.3583333333	-2.339527441	1.036363776
46.5	9.5	0.008333333333	-3.926453144	0.1793528743
46.5	9.5	0.01666666667	-3.926453144	0.1799017508
46.5	9.5	0.025	-4.131208388	0.1807255601
46.5	9.5	0.03333333333	-4.603735374	0.1974766791
46.5	9.5	0.04166666667	-4.859687492	0.2180709229
46.5	9.5	0.05	-5.021134212	0.2375674136
46.5	9.5	0.05833333333	-5.178643207	0.2554152967
46.5	9.5	0.06666666667	-5.277086329	0.274087978
46.5	9.5	0.075	-5.383404901	0.2957809639
46.5	9.5	0.08333333333	-5.446408499	0.3172000059
46.5	9.5	0.09166666667	-5.525162997	0.3537205704
46.5	9.5	0.1	-5.525162997	0.3822789635
46.5	9.5	0.1083333333	-5.596042045	0.4155042907
46.5	9.5	0.1166666667	-5.596042045	0.4157792235
46.5	9.5	0.125	-5.59997977	0.4190744607
46.5	9.5	0.1333333333	-5.643294744	0.4374722093
46.5	9.5	0.1416666667	-5.702360617	0.4690509069
46.5	9.5	0.15	-5.694485167	0.4984321203
46.5	9.5	0.1583333333	-5.702360617	0.5313835038
46.5	9.5	0.1666666667	-5.729924691	0.5720241038
46.5	9.5	0.175	-5.722049241	0.6143113334
46.5	9.5	0.1833333333	-5.781115114	0.6288649682
46.5	9.5	0.1916666667	-5.785052839	0.6338078241
46.5	9.5	0.2	-5.781115114	0.6788414144
46.5	9.5	0.2083333333	-5.725986966	0.7219524533
46.5	9.5	0.2166666667	-5.722049241	0.7222273861
46.5	9.5	0.225	-5.714173791	0.7296416699
46.5	9.5	0.2333333333	-5.694485167	0.7491371716
46.5	9.5	0.2416666667	-5.635419294	0.7941707619
46.5	9.5	0.25	-5.489723473	0.8424995895
46.5	9.5	0.2583333333	-5.304650404	0.880118896
46.5	9.5	0.2666666667	-5.304650404	0.880118896
46.5	9.5	0.275	-5.308588128	0.8803938288
46.5	9.5	0.2833333333	-5.190456382	0.9086772891
46.5	9.5	0.2916666667	-4.851812042	0.9451988425
46.5	9.5	0.3	-4.513177377	0.9668918284
46.5	9.5	0.3083333333	-4.139077388	0.9861133863
46.5	9.5	0.3166666667	-3.347597911	1.007806372
46.5	9.5	0.325	-3.264908914	1.012474295
46.5	9.5	0.3333333333	-2.792381928	1.024831435
46.5	9.5	0.3416666667	-2.481298437	1.033068539
46.5	9.5	0.35	-2.245034944	1.03938507
46.5	9.5	0.3583333333	-2.276543193	1.038831248
46.5	9.5	0.3666666667	-2.37103569	1.039108159
46.5	9.5	0.375	-2.37497019	1.038831248
53	9.5	0.1810004929	-4.005207642	0.1812754257
53	9.5	0.1810004929	-4.005207642	0.1812754257
53	9.5	0.1812754257	-4.005207642	0.1815493695
53	9.5	0.1810004929	-4.005207642	0.1812754257
53	9.5	0.1807255601	-4.119404889	0.1807255601
53	9.5	0.1950052512	-4.481669128	0.1810004929
53	9.5	0.2106566391	-4.934504265	0.1853944722
53	9.5	0.2274067691	-5.123515059	0.205988716
53	9.5	0.2523949922	-5.336152203	0.2364686715
53	9.5	0.2754616529	-5.473972574	0.2710676735
53	9.5	0.3009987525	-5.572415696	0.3161012639
53	9.5	0.3325764611	-5.576353421	0.3636062821
53	9.5	0.3490526473	-5.631481569	0.3847503914
53	9.5	0.3710205659	-5.631481569	0.3850243352
53	9.5	0.3710205659	-5.666921093	0.4006767121
53	9.5	0.3759634218	-5.722049241	0.435549658
53	9.5	0.4045208259	-5.725986966	0.4624604324
53	9.5	0.4267626883	-5.737800141	0.49403913
53	9.5	0.4501032928	-5.757488765	0.5322073131
53	9.5	0.4739937628	-5.745675591	0.5665323713
53	9.5	0.4967845017	-5.824430088	0.6112910289
53	9.5	0.5258917714	-5.800803739	0.6587960472
53	9.5	0.5599418969	-5.749613315	0.717559463
53	9.5	0.5981100799	-5.741737866	0.7197559582
53	9.5	0.6181554472	-5.741737866	0.7181083395
53	9.5	0.6181554472	-5.718111516	0.7496870371
53	9.5	0.6384757472	-5.659045643	0.7837361737
53	9.5	0.6780176051	-5.505474373	0.8331637433
53	9.5	0.7038296375	-5.371591727	0.865840194
53	9.5	0.7126166071	-5.190456382	0.8987915774
53	9.5	0.7496870371	-4.816372518	0.9325667701
53	9.5	0.7735765181	-4.316291133	0.9603013539
53	9.5	0.8216304129	-3.497237907	0.9789730463
53	9.5	0.859799585	-3.154646167	0.9885848142
53	9.5	0.8831401895	-2.461625938	1.005883821
53	9.5	0.9045582426	-2.138706697	1.013023172
53	9.5	0.9037344333	-2.134772197	1.011375553
53	9.5	0.9235058567	-2.260772944	1.008904125
53	9.5	0.9394321774	-2.264739693	1.008904125
